0.00388134
0.00780406
0.0119685
0.0161588
0.0201495
0.0243034
0.0283922
0.0325807
0.0366056
0.0405824
0.0446559
0.0488914
0.0529285
0.0571102
0.0612146
0.0652754
0.0695136
0.0737005
0.0780279
0.0819056
0.0859853
0.0899883
0.0942982
0.0984366
0.102845
0.107008
0.111309
0.115442
0.119648
0.123754
0.127973
0.132029
0.136203
0.140727
0.14503
0.149333
0.153741
0.15815
0.162408
0.166871
0.171373
0.175918
0.18021
0.184641
0.189172
0.193469
0.197885
0.201983
0.206394
0.211025
0.21521
0.219781
0.224401
0.229085
0.233573
0.237811
0.24208
0.246726
0.251344
0.255704
0.260372
0.264985
0.269678
0.274202
0.27868
0.283323
0.288039
0.292846
0.297488
0.302119
0.306739
0.311383
0.316138
0.320896
0.32545
0.33012
0.334763
0.339662
0.344237
0.349095
0.353823
0.358524
0.363342
0.36824
0.373003
0.378071
0.383308
0.388099
0.393159
0.398082
0.403075
0.407894
0.412795
0.417337
0.422413
0.427443
0.43231
0.43742
0.442443
0.447033
0.452018
0.457132
0.462126
0.46741
0.472337
0.477766
0.48276
0.487774
0.4929
0.497996
0.503175
0.508402
0.513508
0.518585
0.523799
0.529071
0.534453
0.53955
0.544669
0.549761
0.555152
0.560384
0.565706
0.571062
0.576285
0.581648
0.586806
0.592204
0.597518
0.602801
0.608357
0.613803
0.619272
0.624591
0.630078
0.635671
0.641047
0.646812
0.652369
0.657916
0.663357
0.668951
0.674653
0.679847
0.685512
0.691209
0.696852
0.702551
0.708216
0.713973
0.719681
0.725479
0.731411
0.737064
0.742984
0.748469
0.754091
0.75991
0.765642
0.771571
0.777332
0.783071
0.788849
0.794233
0.800296
0.806226
0.81242
0.818407
0.824442
0.830502
0.836285
0.842461
0.848606
0.854787
0.860549
0.867042
0.873413
0.879749
0.885881
0.891976
0.898201
0.904815
0.910928
0.917444
0.92378
0.93011
0.936255
0.942525
0.948856
0.955372
0.961782
0.967969
0.974563
0.981529
0.98814
0.994634
1.00146
1.00856
1.01493
1.02169
1.02843
1.03508
1.04175
1.04864
1.05564
1.06262
1.06939
1.07629
1.08296
1.08996
1.09732
1.10416
1.11078
1.11767
1.12494
1.13198
1.13908
1.14614
1.15297
1.16035
1.16727
1.17429
1.18151
1.18885
1.1963
1.20355
1.21062
1.21777
1.22537
1.23288
1.2405
1.24757
1.25493
1.26231
1.27028
1.27787
1.28531
1.29303
1.30086
1.30864
1.31676
1.32425
1.33197
1.33986
1.34751
1.35513
1.36378
1.37208
1.37981
1.38766
1.39579
1.40328
1.41152
1.41961
1.4273
1.43549
1.44393
1.45172
1.45982
1.46793
1.47589
1.48414
1.49288
1.50151
1.50997
1.51857
1.52689
1.53537
1.54431
1.55295
1.56197
1.57054
1.57924
1.58809
1.59702
1.60584
1.61466
1.62377
1.63281
1.64245
1.65174
1.661
1.67033
1.67997
1.68917
1.69846
1.70831
1.71751
1.72698
1.73679
1.74615
1.75546
1.76531
1.77529
1.78494
1.79447
1.80383
1.81379
1.82367
1.83345
1.84345
1.85353
1.86396
1.87459
1.88482
1.89533
1.90572
1.91628
1.92661
1.93712
1.94755
1.95811
1.96839
1.97832
1.98888
1.99988
2.01088
2.02191
2.03296
2.04397
2.05481
2.06544
2.07629
2.0872
2.09892
2.11068
2.12217
2.13388
2.14557
2.15758
2.16993
2.18136
2.19364
2.2052
2.21657
2.22892
2.24046
2.25252
2.26446
2.27662
2.28914
2.30125
2.31386
2.32634
2.33921
2.35243
2.36618
2.37876
2.39203
2.40512
2.41828
2.43096
2.44428
2.45708
2.47027
2.48429
2.49827
2.51204
2.52661
2.54106
2.55549
2.56975
2.58477
2.59883
2.61282
2.6277
2.64257
2.65712
2.67267
2.68796
2.70405
2.71961
2.73481
2.75128
2.76754
2.78461
2.80144
2.81777
2.83391
2.85039
2.86689
2.88345
2.89971
2.91717
2.93462
2.95174
2.96831
2.98651
3.00454
3.02256
3.04091
3.05926
3.07684
3.09618
3.11417
3.13276
3.15235
3.17125
3.18998
3.20988
3.2295
3.25038
3.27262
3.29217
3.31312
3.33472
3.35496
3.37709
3.3975
3.41949
3.44255
3.46536
3.4881
3.51119
3.53371
3.55588
3.58048
3.6052
3.63015
3.65475
3.67862
3.70375
3.73042
3.75674
3.78326
3.8096
3.83612
3.86223
3.89108
3.91822
3.94575
3.97495
4.00622
4.03601
4.06665
4.09671
4.12617
4.15621
4.18642
4.21717
4.24809
4.28135
4.31587
4.35175
4.38725
4.42213
4.4608
4.49706
4.53702
4.57637
4.61541
4.65714
4.69841
4.7403
4.78183
4.82446
4.86941
4.91555
4.96421
5.01143
5.06151
5.11071
5.1645
5.21956
5.27548
5.3356
5.39423
5.45507
5.5176
5.58354
5.64554
5.71469
5.78787
5.86349
5.94269
6.02118
6.10478
6.1968
6.28913
6.38133
6.48516
6.58589
6.69924
6.82007
6.94497
7.07066
7.20925
7.36644
7.53601
7.71132
7.91857
8.14189
8.39483
8.67738
9.02527
9.42233
9.94442
10.6145
11.5589
13.5991
