0.199281

0.400869

0.601122

0.801752

1.00352

1.20324

1.4047

1.60658

1.81138

2.01432

2.21996

2.42435

2.62919

2.83602

3.04444

3.25154

3.45858

3.66589

3.87189

4.07858

4.28785

4.49623

4.70465

4.91702

5.12636

5.33751

5.5489

5.75942

5.97217

6.18357

6.39738

6.61071

6.82451

7.03738

7.25075

7.46694

7.68164

7.89678

8.11345

8.33003

8.54774

8.76724

8.98713

9.2068

9.42606

9.64496

9.8647

10.0844

10.3057

10.5287

10.7501

10.9728

11.1958

11.4194

11.6426

11.8657

12.0892

12.315

12.542

12.7691

12.9976

13.2257

13.4549

13.6836

13.9133

14.1428

14.3753

14.608

14.8395

15.0712

15.3035

15.5379

15.771

16.0055

16.2404

16.475

16.7109

16.9482

17.1859

17.4263

17.6648

17.9027

18.1415

18.3789

18.6201

18.8585

19.1005

19.3429

19.5848

19.8287

20.0703

20.3127

20.5592

20.8066

21.0526

21.3003

21.5464

21.797

22.0459

22.2962

22.5478

22.7978

23.0493

23.2984

23.551

23.8048

24.0595

24.3146

24.5691

24.8255

25.0817

25.3381

25.5952

25.8537

26.115

26.3753

26.6344

26.8957

27.1553

27.4181

27.6804

27.945

28.2084

28.4717

28.7388

29.004

29.2725

29.5413

29.8122

30.0836

30.3552

30.6252

30.8978

31.1723

31.4449

31.7185

31.9944

32.2683

32.5443

32.8229

33.0989

33.3786

33.6575

33.9392

34.2225

34.5039

34.7849

35.0682

35.3506

35.6355

35.9207

36.2075

36.4956

36.7847

37.0745

37.3642

37.6516

37.9414

38.2343

38.5272

38.8208

39.1149

39.4128

39.7075

40.0054

40.3032

40.6036

40.9034

41.2018

41.5034

41.808

42.1108

42.4131

42.7182

43.0263

43.3348

43.6432

43.9519

44.2627

44.575

44.8913

45.1998

45.5143

45.8324

46.1472

46.4659

46.7846

47.1054

47.4266

47.7475

48.0692

48.3929

48.7168

49.0438

49.3694

49.6969

50.0286

50.3598

50.6906

51.0235

51.3587

51.6913

52.0276

52.3654

52.7063

53.0438

53.3828

53.7234

54.0673

54.4106

54.7544

55.0999

55.4471

55.7953

56.1428

56.4905

56.8415

57.1948

57.5475

57.9016

58.2591

58.618

58.9766

59.3431

59.7046

60.0665

60.4306

60.7968

61.1629

61.5325

61.8984

62.2697

62.6476

63.0226

63.3951

63.7736

64.1526

64.5334

64.9168

65.2974

65.6859

66.0724

66.4596

66.8481

67.2374

67.6295

68.0267

68.4205

68.8147

69.2104

69.606

70.0091

70.4116

70.816

71.219

71.6238

72.0341

72.445

72.8587

73.2744

73.6908

74.1082

74.527

74.9462

75.3713

75.797

76.2224

76.6508

77.0838

77.5123

77.9473

78.3855

78.8244

79.2682

79.7148

80.1624

80.6083

81.0545

81.5063

81.9555

82.4074

82.8644

83.3224

83.7846

84.2488

84.7137

85.1802

85.649

86.121

86.5936

87.0707

87.5499

88.0347

88.5191

89.0021

89.4893

89.9772

90.4728

90.9665

91.4664

91.9685

92.473

92.9774

93.4868

93.9992

94.5176

95.034

95.547

96.0636

96.5872

97.1149

97.6448

98.1753

98.7078

99.2441

99.783

100.325

100.87

101.417

101.969

102.524

103.08

103.639

104.205

104.772

105.345

105.921

106.5

107.08

107.668

108.262

108.855

109.447

110.044

110.653

111.257

111.869

112.486

113.101

113.722

114.352

114.98

115.611

116.248

116.886

117.532

118.183

118.839

119.5

120.159

120.83

121.499

122.169

122.847

123.528

124.218

124.913

125.614

126.315

127.027

127.744

128.471

129.197

129.928

130.669

131.411

132.16

132.912

133.668

134.434

135.199

135.97

136.754

137.542

138.33

139.132

139.939

140.748

141.566

142.388

143.224

144.061

144.904

145.758

146.624

147.496

148.37

149.251

150.146

151.041

151.949

152.866

153.791

154.729

155.671

156.624

157.588

158.56

159.544

160.536

161.536

162.54

163.561

164.594

165.638

166.696

167.77

168.853

169.943

171.047

172.154

173.275

174.421

175.572

176.737

177.917

179.101

180.301

181.512

182.745

183.995

185.257

186.538

187.841

189.154

190.488

191.841

193.221

194.613

196.033

197.463

198.919

200.383

201.865

203.387

204.912

206.45

208.043

209.662

211.303

212.959

214.667

216.377

218.13

219.914

221.736

223.576

225.483

227.409

229.373

231.382

233.404

235.481

237.618

239.794

242.018

244.281

246.599

248.969

251.402

253.913

256.465

259.09

261.769

264.569

267.422

270.356

273.405

276.558

279.793

283.125

286.585

290.165

293.901

297.688

301.689

305.829

310.145

314.691

319.5

324.488

329.814

335.37

341.257

347.527

354.162

361.283

368.989

377.266

386.421

396.448

407.499

420.012

434.327

451.076

471

495.99

529.312

579.234

679.095

