13.9516
16.9957
18.9692
20.4813
21.7607
22.8626
23.8452
24.7397
25.5697
26.3464
27.0691
27.7533
28.4033
29.0285
29.6217
30.1965
30.7495
31.2845
31.802
32.3027
32.7892
33.2679
33.7288
34.1812
34.6226
35.0543
35.4787
35.8958
36.3015
36.7048
37.094
37.4811
37.8629
38.2384
38.6065
38.9718
39.3328
39.6886
40.0411
40.3909
40.7345
41.0719
41.4069
41.7386
42.0676
42.394
42.719
43.0373
43.3545
43.6685
43.9798
44.2872
44.5914
44.8944
45.1953
45.4934
45.7879
46.0806
46.3707
46.6591
46.9483
47.234
47.5185
47.8026
48.0794
48.358
48.6332
48.9077
49.182
49.4551
49.7245
49.9945
50.2665
50.5316
50.7977
51.0623
51.3262
51.5867
51.8483
52.1069
52.3647
52.6218
52.8778
53.131
53.3859
53.6399
53.8913
54.1431
54.3922
54.6433
54.8908
55.1399
55.3888
55.6352
55.8799
56.1252
56.3695
56.6118
56.8556
57.098
57.3427
57.5843
57.8244
58.0641
58.3044
58.5423
58.7819
59.0188
59.2565
59.4946
59.7324
59.9674
60.2036
60.4377
60.6715
60.9051
61.1377
61.3707
61.6015
61.8336
62.0656
62.2962
62.5276
62.7563
62.9875
63.2181
63.4475
63.6767
63.9036
64.1333
64.3622
64.5886
64.8143
65.039
65.2664
65.4927
65.719
65.9456
66.1711
66.3947
66.6218
66.8486
67.0744
67.2986
67.5245
67.749
67.9743
68.1995
68.4236
68.6487
68.8719
69.0986
69.3234
69.5455
69.7672
69.9915
70.2142
70.4363
70.6602
70.8835
71.1068
71.3291
71.5517
71.7756
71.9973
72.2196
72.4415
72.6647
72.8869
73.1097
73.3335
73.556
73.7803
74.0019
74.2238
74.4492
74.6725
74.8957
75.118
75.3437
75.5683
75.7921
76.0156
76.2397
76.4646
76.6867
76.9091
77.1314
77.3558
77.5808
77.805
78.0281
78.253
78.4769
78.7027
78.9261
79.1487
79.3737
79.5993
79.8249
80.0498
80.2728
80.4978
80.7248
80.9496
81.1757
81.4035
81.6303
81.8548
82.0822
82.31
82.5376
82.7629
82.9902
83.2195
83.4458
83.6746
83.9006
84.1297
84.3595
84.5884
84.8183
85.0491
85.2801
85.5105
85.7414
85.9749
86.2058
86.4386
86.6709
86.9031
87.136
87.3715
87.6039
87.8372
88.0722
88.3081
88.5413
88.7768
89.0137
89.2479
89.4848
89.7229
89.9594
90.1958
90.4337
90.6707
90.9092
91.1489
91.3892
91.6304
91.87
92.1114
92.3545
92.5959
92.8398
93.0827
93.3276
93.5722
93.8165
94.0638
94.3109
94.5569
94.8039
95.0506
95.2974
95.5473
95.7944
96.046
96.2963
96.5481
96.7982
97.0484
97.2988
97.5528
97.8045
98.0605
98.3143
98.5688
98.8233
99.0816
99.3391
99.5968
99.8574
100.117
100.375
100.635
100.897
101.157
101.422
101.685
101.948
102.214
102.48
102.746
103.014
103.283
103.551
103.823
104.092
104.364
104.638
104.912
105.187
105.464
105.739
106.015
106.293
106.57
106.849
107.128
107.407
107.689
107.97
108.255
108.542
108.827
109.117
109.406
109.694
109.986
110.277
110.566
110.862
111.156
111.451
111.748
112.046
112.345
112.644
112.948
113.252
113.559
113.863
114.171
114.481
114.79
115.099
115.413
115.724
116.039
116.356
116.674
116.992
117.314
117.635
117.958
118.281
118.608
118.937
119.267
119.599
119.931
120.264
120.599
120.937
121.276
121.614
121.958
122.301
122.65
122.995
123.343
123.696
124.05
124.405
124.765
125.123
125.483
125.847
126.212
126.581
126.954
127.326
127.699
128.077
128.457
128.84
129.222
129.609
129.998
130.389
130.784
131.182
131.582
131.986
132.391
132.798
133.207
133.623
134.037
134.458
134.881
135.307
135.735
136.163
136.6
137.038
137.481
137.923
138.372
138.827
139.281
139.745
140.207
140.67
141.143
141.618
142.103
142.586
143.075
143.564
144.061
144.568
145.075
145.588
146.107
146.631
147.16
147.695
148.231
148.775
149.328
149.886
150.452
151.019
151.6
152.178
152.761
153.358
153.963
154.575
155.193
155.821
156.45
157.088
157.738
158.399
159.068
159.747
160.435
161.134
161.838
162.56
163.289
164.024
164.772
165.538
166.315
167.102
167.903
168.719
169.556
170.408
171.275
172.158
173.061
173.978
174.917
175.873
176.842
177.849
178.871
179.915
180.988
182.082
183.212
184.367
185.555
186.773
188.026
189.334
190.677
192.062
193.495
194.983
196.543
198.156
199.837
201.575
203.406
205.305
207.33
209.443
211.681
214.077
216.607
219.318
222.25
225.45
228.929
232.738
236.995
241.851
247.446
254.106
262.322
273.136
288.818
319.308
