52.5216
56.181
58.2766
59.7888
60.983
61.9866
62.8435
63.6052
64.2919
64.9168
65.4951
66.0321
66.5304
67.0024
67.4495
67.8719
68.273
68.6578
69.0312
69.3822
69.7239
70.0536
70.3689
70.6755
70.9734
71.2644
71.545
71.8179
72.0838
72.342
72.596
72.8453
73.0876
73.3245
73.555
73.784
74.0079
74.2272
74.4433
74.6537
74.8613
75.0655
75.2678
75.4644
75.6602
75.8519
76.0404
76.2257
76.4102
76.5925
76.7713
76.949
77.1238
77.2983
77.4688
77.6375
77.8058
77.9704
78.1332
78.2952
78.455
78.6142
78.7714
78.9263
79.0801
79.233
79.3845
79.5327
79.6825
79.8288
79.9746
80.1206
80.2642
80.4054
80.5457
80.6862
80.8256
80.9639
81.1019
81.2375
81.3715
81.5053
81.6391
81.7712
81.9028
82.0321
82.1623
82.291
82.419
82.5469
82.6735
82.7997
82.9255
83.0505
83.1742
83.2977
83.4199
83.5402
83.6621
83.7839
83.9039
84.0227
84.1408
84.2578
84.3762
84.4931
84.6089
84.7247
84.8398
84.9557
85.0708
85.1863
85.3004
85.4133
85.5261
85.6375
85.7497
85.8618
85.973
86.0831
86.1935
86.3034
86.412
86.5208
86.6287
86.7372
86.8445
86.9512
87.0573
87.1637
87.2696
87.376
87.4824
87.5875
87.6921
87.797
87.9004
88.0052
88.1087
88.2138
88.317
88.4205
88.5226
88.6253
88.7282
88.8309
88.9327
89.0347
89.1356
89.236
89.3365
89.4369
89.5375
89.6375
89.7371
89.8371
89.9372
90.0368
90.1359
90.235
90.3338
90.4327
90.531
90.6289
90.7277
90.8266
90.9249
91.0219
91.1195
91.2167
91.3141
91.4115
91.5089
91.605
91.7016
91.798
91.8935
91.9901
92.0854
92.1811
92.2772
92.373
92.467
92.5632
92.6588
92.7548
92.8501
92.9447
93.04
93.1354
93.2299
93.3247
93.4199
93.5143
93.6089
93.7033
93.7978
93.8921
93.9865
94.08
94.1748
94.2682
94.3629
94.4573
94.551
94.6443
94.7377
94.8319
94.9252
95.018
95.1114
95.2047
95.2984
95.392
95.4855
95.5792
95.6729
95.7669
95.8604
95.9541
96.0477
96.1413
96.2347
96.329
96.4227
96.5162
96.6099
96.7033
96.7972
96.8904
96.9838
97.0764
97.1707
97.2647
97.3579
97.451
97.5451
97.638
97.7318
97.8261
97.9188
98.0123
98.1059
98.1998
98.2939
98.3877
98.4822
98.5762
98.6708
98.7644
98.8578
98.9516
99.0467
99.1403
99.2344
99.3288
99.4229
99.5173
99.6123
99.7074
99.802
99.8971
99.9922
100.087
100.182
100.278
100.373
100.47
100.565
100.661
100.757
100.852
100.949
101.045
101.141
101.238
101.334
101.432
101.528
101.625
101.721
101.818
101.916
102.013
102.111
102.21
102.308
102.406
102.505
102.604
102.702
102.8
102.9
102.999
103.098
103.198
103.297
103.396
103.496
103.596
103.697
103.797
103.897
103.998
104.099
104.2
104.301
104.403
104.505
104.608
104.711
104.814
104.917
105.02
105.123
105.227
105.332
105.436
105.541
105.645
105.749
105.855
105.961
106.067
106.173
106.28
106.387
106.494
106.601
106.709
106.816
106.925
107.032
107.141
107.251
107.36
107.47
107.58
107.69
107.802
107.913
108.025
108.138
108.251
108.364
108.477
108.59
108.704
108.818
108.933
109.047
109.163
109.279
109.396
109.514
109.632
109.75
109.868
109.987
110.106
110.225
110.345
110.466
110.586
110.708
110.831
110.954
111.077
111.201
111.325
111.451
111.577
111.704
111.831
111.959
112.088
112.218
112.348
112.477
112.609
112.74
112.872
113.006
113.139
113.275
113.41
113.546
113.683
113.821
113.959
114.099
114.239
114.38
114.524
114.667
114.81
114.955
115.099
115.246
115.395
115.542
115.693
115.844
115.996
116.15
116.305
116.459
116.616
116.773
116.932
117.092
117.253
117.416
117.579
117.744
117.911
118.078
118.248
118.419
118.591
118.766
118.943
119.122
119.301
119.481
119.663
119.846
120.033
120.221
120.412
120.604
120.801
120.997
121.197
121.399
121.601
121.806
122.015
122.224
122.438
122.655
122.874
123.098
123.322
123.549
123.78
124.015
124.253
124.495
124.742
124.992
125.246
125.506
125.768
126.035
126.306
126.58
126.86
127.149
127.445
127.744
128.047
128.358
128.677
129
129.331
129.676
130.026
130.382
130.751
131.131
131.517
131.918
132.333
132.759
133.196
133.652
134.125
134.619
135.133
135.665
136.225
136.808
137.424
138.071
138.757
139.49
140.264
141.094
141.993
142.971
144.044
145.237
146.587
148.146
149.971
152.21
155.082
159.291
167.244
