5.00823
6.63972
7.79892
8.74735
9.5683
10.3019
10.9762
11.5996
12.1856
12.7449
13.2791
13.7896
14.2803
14.7526
15.2076
15.6484
16.0842
16.5067
16.9209
17.3283
17.7252
18.1144
18.4952
18.8725
19.2446
19.6105
19.9709
20.326
20.6776
21.0238
21.3679
21.7089
22.0464
22.3776
22.707
23.0331
23.355
23.6706
23.9905
24.3042
24.6182
24.9306
25.238
25.5459
25.8512
26.1545
26.4564
26.7546
27.0539
27.3503
27.6466
27.9401
28.2313
28.5208
28.8114
29.1001
29.3866
29.6732
29.9582
30.2417
30.5231
30.8048
31.0861
31.3661
31.6428
31.9207
32.199
32.4765
32.7519
33.0281
33.2996
33.5727
33.8447
34.1188
34.3903
34.6615
34.9343
35.2081
35.478
35.7448
36.0136
36.2815
36.5473
36.815
37.0807
37.3483
37.6166
37.8839
38.1498
38.4149
38.6788
38.9425
39.2054
39.4713
39.7349
39.9958
40.258
40.5227
40.7885
41.0513
41.3118
41.5764
41.8391
42.103
42.3646
42.6239
42.8867
43.1487
43.4119
43.6724
43.9336
44.194
44.4545
44.7173
44.979
45.2417
45.503
45.7653
46.0257
46.286
46.5489
46.8109
47.0725
47.3333
47.5943
47.8576
48.1185
48.3792
48.6406
48.9037
49.167
49.4293
49.6907
49.9516
50.2138
50.476
50.7385
51.002
51.2644
51.5304
51.7942
52.0597
52.3236
52.5892
52.854
53.1206
53.385
53.652
53.9161
54.1823
54.4493
54.7156
54.9813
55.2472
55.5143
55.783
56.0505
56.3175
56.5837
56.8526
57.1201
57.3875
57.6552
57.9261
58.1981
58.4674
58.7383
59.0097
59.2801
59.5498
59.8232
60.0928
60.3678
60.6408
60.9161
61.1912
61.4648
61.742
62.0176
62.2957
62.5713
62.8482
63.1229
63.4005
63.6791
63.9612
64.2384
64.5161
64.7971
65.0771
65.3558
65.6376
65.9198
66.2005
66.4842
66.7653
67.049
67.3325
67.618
67.902
68.188
68.4754
68.7646
69.0528
69.34
69.6268
69.9141
70.2033
70.4949
70.7869
71.0799
71.3707
71.6634
71.9567
72.2496
72.5459
72.8414
73.1404
73.4388
73.7368
74.0347
74.3329
74.635
74.9364
75.2364
75.5389
75.8424
76.1417
76.4428
76.7444
77.0476
77.3555
77.6613
77.9681
78.2776
78.5824
78.892
79.2014
79.5128
79.8244
80.1352
80.4492
80.7647
81.0802
81.3972
81.7134
82.029
82.3497
82.6691
82.9876
83.3082
83.631
83.9569
84.2803
84.6077
84.9348
85.2622
85.5907
85.9195
86.2497
86.5799
86.9112
87.2442
87.58
87.9145
88.2521
88.5891
88.9239
89.2584
89.5961
89.9371
90.2798
90.6252
90.9726
91.3177
91.6639
92.0139
92.3628
92.7143
93.0644
93.4165
93.7724
94.127
94.4817
94.8391
95.1948
95.5559
95.9185
96.2796
96.6408
97.007
97.3769
97.743
98.1123
98.4824
98.8561
99.234
99.607
99.9831
100.357
100.737
101.119
101.501
101.886
102.275
102.66
103.051
103.438
103.834
104.226
104.621
105.02
105.417
105.818
106.221
106.625
107.031
107.439
107.845
108.259
108.672
109.086
109.503
109.917
110.338
110.762
111.187
111.615
112.042
112.475
112.904
113.336
113.775
114.214
114.658
115.104
115.549
116.001
116.449
116.897
117.348
117.804
118.26
118.717
119.186
119.651
120.12
120.591
121.066
121.541
122.019
122.501
122.982
123.468
123.959
124.451
124.946
125.448
125.949
126.451
126.958
127.466
127.976
128.496
129.022
129.547
130.074
130.603
131.136
131.67
132.209
132.753
133.297
133.851
134.409
134.967
135.527
136.098
136.671
137.25
137.824
138.409
138.999
139.593
140.192
140.791
141.397
142.009
142.623
143.238
143.865
144.493
145.121
145.76
146.409
147.061
147.713
148.381
149.046
149.718
150.397
151.073
151.761
152.457
153.152
153.866
154.586
155.306
156.045
156.781
157.528
158.281
159.043
159.813
160.595
161.38
162.173
162.968
163.778
164.596
165.424
166.264
167.105
167.969
168.838
169.714
170.597
171.494
172.403
173.329
174.267
175.218
176.172
177.143
178.113
179.114
180.132
181.159
182.201
183.261
184.32
185.411
186.523
187.64
188.786
189.945
191.133
192.328
193.547
194.792
196.057
197.352
198.672
200.012
201.374
202.759
204.194
205.659
207.145
208.667
210.217
211.802
213.448
215.129
216.846
218.604
220.407
222.275
224.2
226.165
228.206
230.334
232.505
234.766
237.087
239.521
242.055
244.651
247.417
250.278
253.25
256.392
259.66
263.136
266.804
270.724
274.88
279.344
284.141
289.433
295.198
301.487
308.629
316.731
326.088
337.264
351.132
369.448
396.442
449.525
