1.05322
1.1253
1.1656
1.19501
1.21907
1.23882
1.25575
1.27115
1.28521
1.29805
1.30981
1.32052
1.33023
1.33956
1.34841
1.35681
1.36531
1.37312
1.38054
1.38739
1.39432
1.40071
1.40697
1.41323
1.41917
1.42496
1.43085
1.43626
1.44171
1.44695
1.45177
1.45689
1.4615
1.46611
1.47098
1.47555
1.47999
1.48451
1.48876
1.49314
1.4974
1.5016
1.50561
1.50934
1.51322
1.51699
1.52086
1.52452
1.52812
1.53174
1.53534
1.53878
1.54236
1.54579
1.54921
1.55264
1.55608
1.55949
1.56278
1.56593
1.56911
1.57226
1.57541
1.57871
1.58194
1.58507
1.58818
1.59105
1.59421
1.59721
1.60022
1.60321
1.60611
1.60889
1.6116
1.61447
1.61708
1.61967
1.62235
1.62513
1.62784
1.6306
1.63331
1.63595
1.63849
1.64113
1.64368
1.64633
1.64887
1.65143
1.654
1.65658
1.65894
1.66141
1.66385
1.66634
1.66883
1.67122
1.67373
1.67601
1.67834
1.68084
1.68325
1.68554
1.688
1.69039
1.69258
1.69518
1.69745
1.69984
1.70203
1.70434
1.70661
1.70877
1.71104
1.71317
1.71553
1.71765
1.71982
1.722
1.72417
1.7263
1.72852
1.73077
1.73299
1.73509
1.73726
1.73941
1.74158
1.74366
1.74581
1.74789
1.74995
1.75199
1.75407
1.7562
1.75823
1.76032
1.76232
1.76439
1.76657
1.76856
1.77061
1.77262
1.77481
1.77693
1.77887
1.78094
1.78287
1.7849
1.78685
1.78879
1.79078
1.79284
1.79483
1.79679
1.79887
1.80096
1.80294
1.80497
1.80696
1.80895
1.81088
1.8127
1.81454
1.81649
1.81843
1.82037
1.82222
1.82431
1.82624
1.82817
1.83011
1.83215
1.83407
1.83602
1.83803
1.83983
1.84174
1.84359
1.84557
1.84748
1.84943
1.85129
1.85322
1.85503
1.85689
1.85871
1.86059
1.86252
1.86438
1.86638
1.86827
1.87005
1.87191
1.87381
1.87566
1.87752
1.87942
1.88133
1.88324
1.8852
1.88702
1.88899
1.89089
1.89274
1.89471
1.89661
1.89842
1.90028
1.90216
1.90406
1.9059
1.90768
1.90954
1.91142
1.91345
1.91532
1.91727
1.91916
1.92101
1.92282
1.92465
1.9265
1.92839
1.93024
1.93213
1.93401
1.93588
1.93772
1.93951
1.94137
1.94319
1.94505
1.94689
1.94874
1.95064
1.95248
1.9542
1.95602
1.95783
1.95968
1.96162
1.96344
1.96529
1.9672
1.96905
1.97091
1.97287
1.9748
1.9767
1.97858
1.98043
1.98239
1.98423
1.98602
1.98795
1.98997
1.99186
1.9938
1.99556
1.99744
1.99935
2.00127
2.00324
2.0052
2.00718
2.00915
2.01099
2.013
2.01489
2.01683
2.01883
2.0207
2.02257
2.02448
2.02647
2.02839
2.03031
2.03225
2.03415
2.03606
2.03801
2.0401
2.04206
2.04398
2.04596
2.04791
2.04993
2.05192
2.05389
2.0558
2.05765
2.05959
2.06155
2.06355
2.06551
2.06752
2.06957
2.07151
2.07351
2.07554
2.07757
2.07949
2.08151
2.08357
2.08559
2.08764
2.08954
2.09158
2.09363
2.09557
2.0976
2.09965
2.10178
2.10385
2.10597
2.10802
2.11009
2.11213
2.1142
2.11626
2.11833
2.12045
2.12257
2.1247
2.12681
2.12898
2.1311
2.13325
2.13526
2.13754
2.13976
2.14191
2.14408
2.14619
2.14849
2.15065
2.15291
2.15527
2.15752
2.1596
2.16193
2.16428
2.16662
2.16895
2.17126
2.17358
2.17584
2.17806
2.1804
2.18277
2.18505
2.1873
2.18987
2.19227
2.19463
2.1969
2.19918
2.20154
2.2039
2.2062
2.20847
2.21094
2.21331
2.21572
2.21829
2.22073
2.22323
2.22571
2.22819
2.23073
2.23327
2.23587
2.23839
2.24092
2.24344
2.24617
2.24881
2.25139
2.25405
2.25666
2.25937
2.26216
2.26489
2.2677
2.27054
2.2733
2.27608
2.27887
2.28169
2.28444
2.28726
2.29004
2.29288
2.29567
2.29857
2.30147
2.30444
2.30748
2.31047
2.31342
2.31652
2.31948
2.3227
2.32581
2.32887
2.33211
2.33538
2.33849
2.34183
2.34507
2.34846
2.35157
2.35481
2.35821
2.36161
2.36505
2.36841
2.3717
2.37524
2.37871
2.38235
2.38601
2.38972
2.39349
2.39739
2.40109
2.40501
2.40888
2.41275
2.41661
2.42064
2.4247
2.4287
2.43289
2.43696
2.44118
2.4453
2.44935
2.45359
2.45803
2.46233
2.46695
2.47157
2.47634
2.48094
2.4857
2.4906
2.49545
2.50041
2.50494
2.51004
2.51535
2.52098
2.52656
2.53237
2.53817
2.54386
2.54921
2.55523
2.56129
2.56755
2.57342
2.58003
2.5867
2.59368
2.60103
2.60827
2.61558
2.62317
2.63095
2.63907
2.64748
2.65597
2.66529
2.6749
2.68459
2.69415
2.70425
2.71508
2.7262
2.73807
2.75117
2.76383
2.7772
2.79217
2.80803
2.82489
2.84234
2.86113
2.88213
2.90426
2.93201
2.96395
3.00095
3.04578
3.1058
3.18916
3.34081
