13.944
16.9971
18.9588
20.4783
21.754
22.8485
23.832
24.7381
25.5578
26.3277
27.0539
27.741
28.3952
29.0201
29.617
30.1861
30.7386
31.2678
31.7897
32.2926
32.7794
33.2599
33.7215
34.1737
34.6138
35.0481
35.4709
35.8864
36.2967
36.6949
37.0898
37.479
37.8604
38.2331
38.6065
38.9693
39.3302
39.6872
40.0391
40.3895
40.7328
41.0726
41.4092
41.7403
42.069
42.3942
42.7179
43.0373
43.354
43.6669
43.9765
44.2853
44.5863
44.8872
45.187
45.4858
45.7794
46.0734
46.3639
46.652
46.9407
47.2272
47.5072
47.7875
48.0678
48.3457
48.622
48.8988
49.1743
49.4474
49.7189
49.989
50.2584
50.5255
50.7922
51.0564
51.3184
51.581
51.8438
52.1011
52.3619
52.6195
52.8754
53.1295
53.3835
53.6383
53.8925
54.1425
54.3945
54.6439
54.8925
55.1403
55.3894
55.6359
55.8813
56.1268
56.368
56.6109
56.8539
57.0946
57.3362
57.5777
57.8174
58.0583
58.2967
58.5352
58.7743
59.0111
59.2485
59.4865
59.7208
59.9573
60.1913
60.4267
60.6613
60.8916
61.1258
61.3591
61.5911
61.8229
62.0551
62.2849
62.5149
62.7442
62.9747
63.2035
63.4336
63.6627
63.8882
64.1152
64.3419
64.5683
64.7963
65.0233
65.2481
65.4759
65.7022
65.9284
66.1545
66.3789
66.6061
66.8307
67.0554
67.2809
67.5061
67.7306
67.958
68.1832
68.4077
68.6316
68.855
69.0779
69.3005
69.5229
69.7464
69.9691
70.1909
70.416
70.6399
70.8628
71.0864
71.3115
71.5366
71.7593
71.9842
72.2073
72.4312
72.6547
72.8775
73.1011
73.3244
73.5474
73.7688
73.9895
74.213
74.4376
74.6614
74.8834
75.1067
75.3283
75.552
75.7754
75.9975
76.2206
76.443
76.6678
76.8907
77.1149
77.3382
77.5621
77.7864
78.0102
78.235
78.4588
78.6825
78.9081
79.134
79.3598
79.5846
79.8095
80.0366
80.2627
80.4885
80.7146
80.9401
81.1683
81.3939
81.622
81.8492
82.0757
82.3021
82.5303
82.757
82.9855
83.213
83.4417
83.6697
83.8985
84.1293
84.3573
84.5869
84.8164
85.0469
85.279
85.512
85.7435
85.9752
86.2071
86.4372
86.6689
86.9046
87.1364
87.3681
87.6015
87.8366
88.0725
88.3066
88.5429
88.7776
89.0137
89.2505
89.4882
89.7241
89.9627
90.2013
90.4392
90.6795
90.92
91.159
91.3998
91.6407
91.8809
92.1224
92.3634
92.6081
92.8498
93.0924
93.3359
93.5807
93.824
94.0698
94.317
94.5611
94.8062
95.0546
95.3045
95.5529
95.8
96.05
96.3025
96.5525
96.8018
97.0528
97.3035
97.5588
97.8127
98.0672
98.3216
98.5756
98.8311
99.0876
99.344
99.6006
99.8576
100.115
100.376
100.638
100.9
101.164
101.426
101.692
101.956
102.221
102.487
102.754
103.021
103.289
103.558
103.828
104.1
104.372
104.641
104.913
105.188
105.464
105.738
106.016
106.294
106.571
106.85
107.132
107.414
107.699
107.982
108.267
108.551
108.835
109.122
109.411
109.701
109.993
110.283
110.578
110.873
111.167
111.461
111.758
112.055
112.353
112.651
112.953
113.255
113.56
113.864
114.171
114.479
114.786
115.096
115.407
115.721
116.034
116.35
116.668
116.989
117.31
117.632
117.955
118.28
118.606
118.933
119.261
119.593
119.928
120.26
120.597
120.932
121.271
121.61
121.948
122.291
122.637
122.985
123.336
123.687
124.039
124.395
124.75
125.111
125.473
125.838
126.203
126.571
126.941
127.312
127.686
128.062
128.442
128.825
129.208
129.592
129.98
130.371
130.766
131.162
131.563
131.966
132.369
132.778
133.189
133.601
134.019
134.436
134.861
135.288
135.719
136.153
136.59
137.03
137.473
137.92
138.369
138.823
139.28
139.743
140.204
140.674
141.146
141.622
142.101
142.588
143.076
143.571
144.067
144.57
145.08
145.592
146.111
146.635
147.164
147.697
148.236
148.778
149.327
149.885
150.448
151.01
151.587
152.174
152.764
153.356
153.962
154.572
155.188
155.814
156.452
157.093
157.735
158.39
159.061
159.742
160.432
161.126
161.838
162.552
163.275
164.021
164.772
165.531
166.308
167.099
167.909
168.728
169.564
170.415
171.274
172.16
173.06
173.981
174.917
175.875
176.839
177.84
178.868
179.914
180.996
182.103
183.228
184.391
185.588
186.816
188.09
189.386
190.736
192.132
193.574
195.066
196.618
198.229
199.915
201.675
203.5
205.425
207.444
209.553
211.8
214.159
216.703
219.43
222.386
225.573
229.006
232.85
237.065
241.879
247.478
254.17
262.352
273.103
288.901
319.181
