52.547
56.197
58.2973
59.8082
60.9956
61.9898
62.8462
63.6083
64.2948
64.9171
65.4932
66.0259
66.5304
67.001
67.4521
67.8702
68.2721
68.6562
69.0204
69.3739
69.715
70.0439
70.3634
70.6725
70.9723
71.2599
71.5418
71.8126
72.0781
72.3384
72.5905
72.8378
73.0813
73.3198
73.5528
73.7814
74.0054
74.2266
74.4438
74.6566
74.8641
75.0699
75.2723
75.467
75.6627
75.8554
76.0454
76.232
76.416
76.5988
76.7781
76.9558
77.131
77.3033
77.4736
77.6418
77.8077
77.9728
78.1365
78.299
78.4595
78.6181
78.7759
78.9316
79.0849
79.2355
79.3869
79.5365
79.6835
79.8301
79.9766
80.1211
80.2647
80.4079
80.5499
80.6895
80.8288
80.9666
81.104
81.2398
81.3742
81.5078
81.64
81.7722
81.9027
82.0335
82.1629
82.2915
82.4191
82.5455
82.6723
82.7982
82.9239
83.048
83.1717
83.2944
83.4155
83.5377
83.6591
83.7801
83.9004
84.0197
84.1381
84.2561
84.3743
84.4905
84.6079
84.7225
84.8384
84.9532
85.068
85.1828
85.296
85.4092
85.523
85.6347
85.7463
85.8575
85.9682
86.0786
86.1892
86.2982
86.4087
86.5173
86.6263
86.7345
86.8419
86.9493
87.0561
87.1617
87.268
87.3739
87.4794
87.5846
87.69
87.7953
87.8993
88.0031
88.1064
88.21
88.3137
88.4172
88.5196
88.6219
88.7241
88.8276
88.9287
89.0307
89.1329
89.2342
89.3357
89.4365
89.5371
89.6368
89.7368
89.8366
89.9357
90.0344
90.1338
90.2325
90.3308
90.4294
90.5285
90.626
90.7246
90.8225
90.9204
91.0179
91.1158
91.2127
91.3101
91.4069
91.5034
91.6003
91.6961
91.7921
91.8889
91.9851
92.081
92.1775
92.274
92.3706
92.4656
92.5609
92.6565
92.7519
92.8468
92.9423
93.0379
93.132
93.2266
93.3209
93.4162
93.5108
93.605
93.6993
93.794
93.8887
93.9824
94.0769
94.1711
94.2657
94.3594
94.4537
94.5471
94.6408
94.7342
94.8267
94.9213
95.0151
95.1078
95.2014
95.2952
95.3881
95.4819
95.5751
95.6687
95.7615
95.8549
95.9488
96.0424
96.1354
96.2283
96.3216
96.4155
96.5083
96.602
96.6961
96.7893
96.8835
96.9768
97.0703
97.1635
97.257
97.3506
97.444
97.5373
97.6305
97.7233
97.8174
97.9111
98.0051
98.0986
98.1923
98.286
98.3801
98.4744
98.5683
98.663
98.7569
98.851
98.9454
99.0401
99.1345
99.2289
99.3232
99.4182
99.5131
99.6073
99.7021
99.7978
99.893
99.988
100.083
100.177
100.273
100.369
100.464
100.56
100.655
100.751
100.847
100.944
101.041
101.137
101.233
101.33
101.426
101.523
101.62
101.718
101.815
101.913
102.011
102.108
102.205
102.303
102.401
102.5
102.598
102.696
102.795
102.894
102.994
103.094
103.194
103.294
103.394
103.494
103.594
103.694
103.794
103.896
103.997
104.1
104.2
104.301
104.403
104.506
104.609
104.711
104.814
104.917
105.02
105.123
105.227
105.331
105.434
105.539
105.642
105.747
105.853
105.958
106.065
106.171
106.277
106.384
106.491
106.599
106.707
106.815
106.923
107.031
107.14
107.249
107.359
107.469
107.58
107.691
107.802
107.914
108.025
108.137
108.249
108.361
108.474
108.587
108.702
108.817
108.932
109.047
109.162
109.278
109.396
109.513
109.63
109.747
109.865
109.984
110.103
110.222
110.343
110.465
110.587
110.708
110.831
110.955
111.077
111.202
111.327
111.451
111.578
111.704
111.832
111.96
112.089
112.219
112.347
112.476
112.609
112.74
112.871
113.005
113.139
113.273
113.409
113.545
113.682
113.819
113.959
114.098
114.239
114.381
114.524
114.667
114.811
114.955
115.101
115.248
115.397
115.546
115.696
115.846
115.998
116.15
116.305
116.46
116.617
116.775
116.934
117.094
117.255
117.417
117.581
117.747
117.913
118.081
118.25
118.421
118.594
118.769
118.946
119.124
119.304
119.485
119.668
119.854
120.04
120.229
120.42
120.612
120.805
121.001
121.201
121.403
121.606
121.811
122.021
122.229
122.445
122.661
122.881
123.103
123.327
123.554
123.785
124.018
124.257
124.498
124.744
124.994
125.247
125.505
125.767
126.032
126.304
126.58
126.861
127.149
127.442
127.741
128.046
128.358
128.676
129.001
129.335
129.677
130.025
130.385
130.752
131.13
131.522
131.922
132.334
132.761
133.199
133.657
134.131
134.626
135.139
135.677
136.238
136.824
137.437
138.085
138.77
139.494
140.279
141.123
142.024
142.999
144.079
145.27
146.607
148.152
149.979
152.212
155.15
159.41
167.321
