0.00399752
0.0083666
0.0124477
0.0162202
0.0201564
0.0243529
0.0284237
0.032497
0.0364649
0.0405618
0.0445293
0.0486669
0.052894
0.0568222
0.061037
0.0651797
0.0691789
0.0733397
0.0774882
0.0814775
0.0857422
0.0899363
0.0940292
0.098109
0.102198
0.106511
0.110848
0.114879
0.119246
0.123658
0.127816
0.132164
0.136639
0.140708
0.145031
0.149046
0.15349
0.157723
0.162033
0.166285
0.170613
0.174812
0.179145
0.183411
0.187748
0.192369
0.196936
0.201091
0.205393
0.20975
0.21406
0.21847
0.22297
0.227442
0.23201
0.236434
0.241062
0.245446
0.250035
0.254552
0.259124
0.263465
0.268059
0.272575
0.277056
0.281675
0.286318
0.290971
0.295456
0.299992
0.304342
0.309006
0.313897
0.318582
0.32309
0.32762
0.332475
0.337463
0.342152
0.346854
0.35161
0.356191
0.360879
0.365672
0.37053
0.375295
0.380315
0.385104
0.390154
0.395004
0.399997
0.404802
0.409716
0.414639
0.419559
0.42454
0.429524
0.434424
0.439392
0.444549
0.449555
0.454683
0.459847
0.464939
0.469919
0.474972
0.480082
0.48527
0.490457
0.495484
0.500286
0.505256
0.510333
0.515466
0.520625
0.525676
0.530991
0.536258
0.541662
0.547252
0.552379
0.557842
0.563092
0.56859
0.574148
0.579542
0.584738
0.590078
0.595384
0.600763
0.60614
0.611572
0.616985
0.62213
0.627552
0.633303
0.638858
0.644447
0.65
0.655888
0.661249
0.66721
0.672727
0.678795
0.684249
0.689598
0.695293
0.7011
0.706772
0.712459
0.71851
0.72427
0.730056
0.736203
0.742127
0.748112
0.753992
0.759814
0.765617
0.771662
0.777564
0.783481
0.789529
0.795575
0.80146
0.807434
0.813415
0.819186
0.82501
0.831167
0.837413
0.843236
0.849062
0.855162
0.861101
0.867317
0.873241
0.879408
0.885508
0.891699
0.89811
0.904499
0.910883
0.917275
0.92355
0.930141
0.936908
0.9429
0.949431
0.955731
0.962777
0.969018
0.975232
0.981756
0.988469
0.994655
1.00126
1.00812
1.01441
1.02087
1.02764
1.03446
1.04114
1.04828
1.05491
1.06188
1.06882
1.0756
1.08237
1.08947
1.0965
1.10305
1.1102
1.11737
1.12444
1.13156
1.13875
1.14554
1.15221
1.15928
1.16625
1.17325
1.18018
1.1873
1.1943
1.20151
1.20878
1.21617
1.22348
1.2311
1.23898
1.24624
1.25354
1.26105
1.26852
1.27595
1.28287
1.29071
1.29818
1.30578
1.3136
1.32174
1.3294
1.3373
1.34514
1.35282
1.36066
1.36878
1.37736
1.38518
1.39307
1.40098
1.40919
1.41709
1.42517
1.43261
1.44087
1.44925
1.45772
1.46591
1.47416
1.48263
1.49103
1.4993
1.50803
1.51614
1.52497
1.5334
1.54184
1.55077
1.5592
1.56797
1.57641
1.58493
1.59403
1.60313
1.61176
1.62088
1.6302
1.63901
1.6476
1.65698
1.66657
1.67584
1.68528
1.69485
1.70477
1.71424
1.72406
1.73397
1.74381
1.75283
1.76175
1.77148
1.78113
1.7907
1.80035
1.8103
1.82043
1.83058
1.84026
1.85025
1.86015
1.87001
1.88015
1.89071
1.90085
1.91149
1.92172
1.93146
1.94195
1.95187
1.96295
1.97491
1.98573
1.99635
2.00702
2.01779
2.02856
2.03937
2.05008
2.06121
2.07225
2.08355
2.09471
2.10611
2.11784
2.12958
2.14113
2.15274
2.1642
2.17535
2.18683
2.19853
2.2101
2.22241
2.23408
2.24611
2.25869
2.27101
2.28333
2.29574
2.30796
2.3203
2.33339
2.34633
2.35925
2.37226
2.38603
2.39903
2.41277
2.42673
2.44043
2.45514
2.46944
2.48348
2.49683
2.51127
2.52606
2.54022
2.55456
2.56851
2.58378
2.59825
2.61276
2.62745
2.64182
2.65737
2.67274
2.68836
2.70333
2.71909
2.73561
2.751
2.76724
2.78341
2.79917
2.81567
2.8322
2.8487
2.86536
2.8822
2.89926
2.9165
2.93395
2.95161
2.96949
2.98779
3.00665
3.02421
3.0428
3.06082
3.07845
3.09808
3.11646
3.13588
3.1546
3.17379
3.1938
3.21454
3.23504
3.25536
3.27446
3.29483
3.3154
3.33657
3.35774
3.3789
3.39946
3.42184
3.4424
3.46453
3.48691
3.51032
3.53366
3.55681
3.58121
3.60527
3.62922
3.65383
3.67928
3.70449
3.73012
3.75664
3.78342
3.80969
3.83743
3.86498
3.89219
3.92036
3.94893
3.97986
4.00906
4.03811
4.06777
4.0983
4.12881
4.16208
4.19603
4.22656
4.25819
4.2929
4.32718
4.36329
4.39969
4.43453
4.47314
4.51209
4.5506
4.58714
4.62664
4.66705
4.70928
4.75275
4.79495
4.8409
4.88558
4.93064
4.97836
5.02576
5.07685
5.12985
5.1816
5.2372
5.29317
5.35392
5.41323
5.46909
5.52912
5.5881
5.65707
5.72445
5.7982
5.87321
5.95067
6.02929
6.11552
6.20689
6.30069
6.39555
6.49304
6.59547
6.70533
6.82606
6.94238
7.07936
7.22325
7.38696
7.54734
7.72267
7.92735
8.15462
8.39472
8.68597
9.04113
9.43881
9.942
10.611
11.62
13.517
