0.00394833
0.00792067
0.0118179
0.0158977
0.0197258
0.0235599
0.0276595
0.0315333
0.0354096
0.0395145
0.0436868
0.0478135
0.0521268
0.0562606
0.060411
0.0646002
0.0686696
0.0730782
0.0774945
0.081638
0.0856553
0.0899461
0.0940652
0.0983104
0.102752
0.107085
0.111285
0.115475
0.119667
0.124037
0.128334
0.132512
0.136624
0.140879
0.145186
0.149521
0.153743
0.157841
0.16229
0.16651
0.171148
0.175833
0.180317
0.184992
0.189402
0.193755
0.197942
0.202525
0.207029
0.211232
0.215718
0.220129
0.224713
0.229188
0.233774
0.238318
0.243085
0.247406
0.251991
0.256474
0.261163
0.265837
0.270543
0.275025
0.279682
0.284273
0.289033
0.293716
0.298538
0.303309
0.308093
0.312365
0.316923
0.321902
0.326523
0.331269
0.335786
0.340527
0.345357
0.350152
0.354933
0.359897
0.364697
0.369327
0.374235
0.379018
0.383883
0.388431
0.393394
0.398341
0.403194
0.408046
0.413014
0.417831
0.42286
0.427621
0.432705
0.43782
0.442957
0.448079
0.452724
0.457419
0.462327
0.467439
0.47269
0.477736
0.482544
0.487443
0.492591
0.497837
0.503051
0.50843
0.513213
0.518495
0.523575
0.528832
0.533968
0.53905
0.544214
0.549492
0.554435
0.559894
0.564988
0.569831
0.575097
0.580478
0.585828
0.590986
0.596294
0.601412
0.606624
0.612199
0.617847
0.623328
0.628884
0.634075
0.639545
0.644816
0.650192
0.656031
0.661419
0.666906
0.67245
0.677813
0.683258
0.688582
0.693858
0.699365
0.705032
0.710796
0.716285
0.722051
0.728223
0.734212
0.739841
0.745466
0.751752
0.757365
0.763412
0.768927
0.774965
0.780976
0.786615
0.792644
0.798983
0.804887
0.811016
0.816714
0.822948
0.828979
0.834928
0.84106
0.847099
0.852987
0.859085
0.865357
0.871314
0.877559
0.883653
0.889946
0.896435
0.902798
0.909136
0.915117
0.921541
0.928158
0.934557
0.940973
0.947216
0.953296
0.959955
0.966437
0.972984
0.979512
0.986197
0.992941
0.99955
1.00638
1.01272
1.01933
1.02596
1.03257
1.03936
1.0459
1.05229
1.0589
1.0656
1.0726
1.07944
1.08608
1.09278
1.09951
1.10658
1.1136
1.12027
1.12738
1.13451
1.14158
1.14849
1.15551
1.16258
1.1692
1.1766
1.18376
1.19079
1.19794
1.20535
1.21222
1.22012
1.22743
1.2351
1.24301
1.25013
1.25762
1.26517
1.27283
1.28027
1.28782
1.29556
1.30323
1.31086
1.31868
1.32608
1.33411
1.3417
1.34964
1.35737
1.36539
1.37356
1.38146
1.3893
1.39729
1.40534
1.41368
1.42189
1.43006
1.43814
1.44629
1.45452
1.46273
1.47131
1.48026
1.48864
1.4971
1.50561
1.51415
1.52289
1.53124
1.54002
1.54894
1.55752
1.56653
1.57575
1.58446
1.59383
1.60278
1.61194
1.62064
1.62968
1.6386
1.64796
1.65696
1.66587
1.67503
1.6848
1.69426
1.70436
1.71379
1.7234
1.73337
1.74325
1.75221
1.76196
1.77124
1.78101
1.79102
1.8006
1.81029
1.81986
1.82987
1.83931
1.84934
1.85954
1.87036
1.8803
1.89047
1.90062
1.91081
1.92127
1.93225
1.94268
1.95352
1.96428
1.97472
1.98572
1.99612
2.00615
2.0167
2.02803
2.03881
2.05001
2.06107
2.07211
2.08367
2.09513
2.10659
2.11786
2.12962
2.14067
2.15255
2.1638
2.17633
2.18833
2.19991
2.21231
2.22439
2.23622
2.24822
2.26063
2.27338
2.28614
2.29834
2.31149
2.32425
2.33638
2.34901
2.3623
2.37564
2.38929
2.40283
2.41612
2.42976
2.4434
2.45696
2.46999
2.48418
2.49884
2.51263
2.52705
2.54165
2.55545
2.56984
2.58446
2.59943
2.61411
2.62878
2.64337
2.65839
2.67279
2.68811
2.70335
2.71896
2.73518
2.75137
2.76632
2.78183
2.79732
2.81361
2.8301
2.84666
2.86257
2.87979
2.8962
2.91277
2.9305
2.94746
2.96551
2.98246
3.0001
3.01807
3.03651
3.05517
3.07365
3.09192
3.1092
3.12703
3.14595
3.16568
3.1851
3.20465
3.22433
3.24366
3.26386
3.2838
3.30468
3.32595
3.34769
3.36816
3.38996
3.4119
3.43434
3.4571
3.47977
3.50351
3.52728
3.55071
3.57514
3.59816
3.62136
3.64728
3.67346
3.6997
3.72632
3.75258
3.77845
3.80723
3.8342
3.86118
3.88818
3.91848
3.94675
3.97508
4.0036
4.03318
4.06281
4.09487
4.12486
4.15577
4.18896
4.22283
4.25667
4.28976
4.32468
4.36029
4.39513
4.43247
4.46951
4.50849
4.54687
4.58708
4.6276
4.66966
4.71249
4.7565
4.79944
4.84287
4.88923
4.93657
4.98562
5.0369
5.08644
5.13717
5.19024
5.24361
5.29912
5.35523
5.41416
5.4747
5.53675
5.60069
5.66697
5.73814
5.81145
5.88889
5.96411
6.04374
6.12891
6.21557
6.31034
6.40933
6.511
6.62062
6.73306
6.84838
6.96411
7.10292
7.24478
7.40128
7.57462
7.75687
7.94171
8.16609
8.42616
8.70536
9.02922
9.42983
9.89811
10.5559
11.5382
13.6352
