0.00406185
0.00808425
0.0120644
0.0163881
0.0204978
0.0243735
0.0283869
0.0325285
0.0364197
0.0403413
0.044315
0.0484038
0.0525056
0.0565881
0.0606063
0.0646632
0.0687772
0.072738
0.076897
0.080905
0.0849872
0.0891935
0.0934724
0.0976867
0.101915
0.106207
0.110206
0.114357
0.118523
0.122737
0.127087
0.131505
0.135793
0.140284
0.144614
0.148855
0.153019
0.15712
0.161411
0.165739
0.170269
0.174695
0.179006
0.183346
0.188032
0.192325
0.196643
0.201049
0.205645
0.210011
0.214424
0.218905
0.223417
0.227915
0.232368
0.236793
0.241278
0.245521
0.249953
0.254341
0.258803
0.263445
0.268159
0.272607
0.277061
0.28152
0.286189
0.290858
0.295544
0.300549
0.305103
0.309879
0.314726
0.319234
0.324241
0.329104
0.333641
0.338305
0.343199
0.347774
0.352554
0.35741
0.362054
0.366681
0.371354
0.376141
0.380971
0.385763
0.390789
0.395614
0.400773
0.405541
0.410269
0.415094
0.419793
0.425004
0.429863
0.434559
0.439812
0.444503
0.449457
0.454614
0.459876
0.464766
0.469874
0.475012
0.480143
0.485228
0.490185
0.495392
0.500855
0.506012
0.510729
0.516304
0.521477
0.526783
0.532063
0.5375
0.542563
0.548018
0.553329
0.558555
0.563809
0.569173
0.574462
0.57945
0.584763
0.590085
0.595118
0.600299
0.605602
0.611123
0.616493
0.622114
0.627218
0.632924
0.638123
0.643336
0.649023
0.654656
0.660084
0.665702
0.671203
0.676909
0.682522
0.688153
0.693502
0.699288
0.704679
0.710095
0.716175
0.722059
0.728269
0.734468
0.740586
0.746417
0.752236
0.758096
0.763393
0.769261
0.775014
0.7808
0.786635
0.792678
0.798573
0.804753
0.810989
0.816882
0.822924
0.829258
0.835423
0.841254
0.847379
0.853406
0.859498
0.866072
0.871957
0.878035
0.884456
0.890731
0.897375
0.903473
0.909674
0.915489
0.921888
0.928403
0.934745
0.941007
0.947199
0.953438
0.960053
0.966499
0.972922
0.97947
0.986061
0.992708
0.999404
1.00616
1.01285
1.01937
1.02608
1.03265
1.03941
1.04643
1.05312
1.05946
1.0664
1.07326
1.08022
1.08724
1.09447
1.10138
1.10842
1.11578
1.12263
1.12949
1.13616
1.14364
1.15059
1.1574
1.16464
1.17158
1.17845
1.18564
1.19328
1.20029
1.2079
1.21522
1.22243
1.22998
1.23733
1.24473
1.25183
1.25973
1.26717
1.27505
1.28273
1.29037
1.29797
1.3057
1.31346
1.32135
1.32921
1.33652
1.34453
1.35192
1.35951
1.3676
1.37531
1.3833
1.39124
1.39908
1.40723
1.41567
1.42392
1.43156
1.44009
1.4487
1.45709
1.46524
1.47323
1.48118
1.48982
1.49809
1.50655
1.51531
1.52359
1.53183
1.54026
1.54856
1.55764
1.56628
1.57522
1.58409
1.59305
1.60141
1.61096
1.62004
1.62926
1.63824
1.64723
1.65687
1.6664
1.67549
1.68458
1.69428
1.70359
1.71258
1.72136
1.73113
1.7408
1.75038
1.75972
1.76935
1.77855
1.78873
1.79832
1.80773
1.81756
1.82751
1.83785
1.8478
1.8576
1.86781
1.87824
1.8884
1.89839
1.90876
1.91904
1.92927
1.93967
1.95022
1.96088
1.97202
1.98226
1.99295
2.00365
2.01457
2.02557
2.03674
2.0484
2.05968
2.07063
2.08219
2.0936
2.10496
2.11667
2.12819
2.13997
2.15203
2.16403
2.17664
2.18815
2.2001
2.21283
2.22532
2.23794
2.24987
2.26192
2.27442
2.28688
2.29986
2.31261
2.32518
2.33861
2.35154
2.36456
2.37744
2.39089
2.40441
2.4183
2.43186
2.44502
2.45831
2.47155
2.48509
2.49948
2.5136
2.5272
2.54173
2.55558
2.57002
2.584
2.59797
2.613
2.62808
2.6429
2.65759
2.67258
2.68735
2.70374
2.71944
2.73485
2.75026
2.76634
2.78269
2.79907
2.81531
2.83107
2.84721
2.86374
2.88031
2.89726
2.91417
2.93079
2.94809
2.96623
2.98303
3.00154
3.01975
3.03867
3.05606
3.0742
3.09262
3.11159
3.13006
3.14952
3.16837
3.18816
3.20766
3.22826
3.2486
3.26856
3.28835
3.30976
3.33136
3.35273
3.37549
3.39654
3.41954
3.44182
3.46407
3.48665
3.50818
3.53053
3.55336
3.57696
3.60139
3.6269
3.65177
3.67713
3.70314
3.73001
3.75525
3.78107
3.80847
3.83632
3.86202
3.89043
3.91821
3.94597
3.97396
4.00435
4.03364
4.06427
4.09683
4.12799
4.15975
4.19313
4.22672
4.26032
4.29457
4.32726
4.36286
4.39715
4.43285
4.47028
4.50867
4.54748
4.58603
4.62465
4.66445
4.70445
4.74488
4.79005
4.8355
4.88424
4.93209
4.98369
5.03068
5.08322
5.13367
5.18634
5.24184
5.29919
5.35689
5.41582
5.47527
5.53493
5.60297
5.66691
5.73352
5.80154
5.87559
5.95521
6.03378
6.11611
6.20582
6.29627
6.39445
6.49304
6.60604
6.71863
6.8438
6.96783
7.10388
7.24443
7.4073
7.57023
7.75534
7.94796
8.16831
8.4113
8.70244
9.01308
9.41103
9.9067
10.5699
11.6182
13.7506
