0.0039384
0.00795184
0.0120015
0.0157049
0.0197632
0.023826
0.0278793
0.031917
0.0359588
0.0400846
0.0441531
0.0480542
0.0521532
0.056219
0.0601642
0.0641475
0.068248
0.0725221
0.0768572
0.0811194
0.0852574
0.0893155
0.0935782
0.0975998
0.101692
0.10606
0.110416
0.114607
0.118637
0.122924
0.127054
0.131409
0.135764
0.140001
0.144699
0.149081
0.153229
0.157455
0.161682
0.165994
0.1704
0.174779
0.179037
0.183379
0.187512
0.192026
0.196435
0.200701
0.205011
0.209388
0.213779
0.218153
0.222465
0.226744
0.231217
0.235802
0.240168
0.244651
0.249218
0.253806
0.258266
0.26286
0.267595
0.272237
0.2769
0.281338
0.286003
0.290405
0.295148
0.299802
0.304367
0.308887
0.31371
0.31847
0.323032
0.327683
0.332336
0.337069
0.341839
0.346809
0.351548
0.356247
0.361217
0.366143
0.370692
0.375315
0.3801
0.384775
0.389682
0.394613
0.399436
0.404086
0.409027
0.413912
0.418773
0.423727
0.428434
0.433309
0.438295
0.443381
0.448601
0.453565
0.458313
0.463276
0.468394
0.473379
0.47845
0.483507
0.488717
0.493487
0.49872
0.503967
0.508972
0.513943
0.519449
0.52455
0.529723
0.534738
0.539935
0.544951
0.550089
0.555268
0.560432
0.565587
0.570621
0.576054
0.581259
0.586392
0.59181
0.59731
0.602717
0.607928
0.613087
0.618668
0.624042
0.629273
0.634337
0.640224
0.645626
0.65116
0.656626
0.662273
0.667892
0.673298
0.678618
0.68382
0.689596
0.695152
0.700863
0.706654
0.712578
0.718253
0.723883
0.729631
0.735276
0.741318
0.747191
0.752823
0.758703
0.764375
0.770309
0.775611
0.781496
0.787585
0.793386
0.799455
0.805381
0.811614
0.817575
0.823536
0.829128
0.835494
0.841357
0.847652
0.853688
0.859906
0.86619
0.872312
0.878278
0.88457
0.890424
0.896363
0.902711
0.908913
0.915107
0.921006
0.927275
0.933564
0.940124
0.946658
0.953106
0.959343
0.965793
0.972556
0.979319
0.98562
0.991996
0.998796
1.00513
1.01158
1.01821
1.02489
1.03144
1.03797
1.04489
1.05183
1.05812
1.06463
1.07135
1.07802
1.08476
1.09184
1.09852
1.10542
1.11224
1.11942
1.1268
1.13374
1.14093
1.14791
1.15522
1.1624
1.16967
1.17688
1.18389
1.19077
1.19823
1.20562
1.21287
1.22025
1.22748
1.23492
1.24254
1.24992
1.25754
1.26459
1.27252
1.28003
1.28758
1.29493
1.30238
1.31004
1.31846
1.32608
1.3336
1.34154
1.34901
1.35637
1.36405
1.37163
1.37923
1.38724
1.39547
1.40334
1.41151
1.4195
1.42774
1.4363
1.44446
1.45265
1.46104
1.46947
1.47801
1.48665
1.49579
1.50411
1.51249
1.52107
1.52992
1.53909
1.5482
1.55687
1.56527
1.5737
1.58282
1.59171
1.60056
1.60958
1.61827
1.62746
1.63679
1.64546
1.65466
1.66352
1.6729
1.68157
1.69079
1.70052
1.70961
1.71939
1.72899
1.73884
1.74814
1.75753
1.76714
1.77693
1.78659
1.79627
1.80583
1.81573
1.8259
1.83581
1.84623
1.85694
1.86728
1.87729
1.88748
1.89768
1.90789
1.91832
1.92872
1.93956
1.95008
1.9604
1.97123
1.98209
1.99225
2.00363
2.01415
2.02511
2.0363
2.04815
2.05889
2.07013
2.08188
2.09356
2.10553
2.11721
2.12815
2.13995
2.15175
2.16358
2.17598
2.18741
2.19915
2.21151
2.22384
2.23565
2.24719
2.25923
2.27171
2.28467
2.29763
2.31104
2.32383
2.33656
2.34971
2.36233
2.37503
2.38882
2.40287
2.41694
2.43052
2.44469
2.45797
2.4723
2.48658
2.50062
2.51532
2.52892
2.54265
2.5568
2.57156
2.58723
2.60213
2.61655
2.63161
2.64718
2.66284
2.67883
2.69361
2.70941
2.72485
2.74012
2.75586
2.77169
2.7876
2.80335
2.81913
2.83496
2.85179
2.869
2.88548
2.90263
2.92032
2.93881
2.95676
2.97506
2.99324
3.01102
3.02913
3.04817
3.06624
3.08403
3.10227
3.12101
3.13935
3.15847
3.17846
3.19874
3.21851
3.23791
3.25892
3.28016
3.30143
3.32271
3.34365
3.36455
3.38629
3.40708
3.42972
3.45281
3.47481
3.49706
3.52067
3.54549
3.56994
3.5951
3.61927
3.64375
3.66836
3.6934
3.71848
3.74584
3.77208
3.79914
3.82642
3.85302
3.88105
3.90927
3.9374
3.96585
3.99588
4.02371
4.05304
4.08539
4.11718
4.14932
4.18179
4.21375
4.24816
4.28439
4.31992
4.35582
4.39187
4.42837
4.46631
4.50316
4.54071
4.58018
4.62322
4.66396
4.7085
4.75101
4.7941
4.83941
4.88595
4.93274
4.98022
5.03022
5.08183
5.134
5.1851
5.23938
5.29786
5.35506
5.41588
5.47829
5.54215
5.60809
5.6786
5.74993
5.82297
5.90016
5.97676
6.06872
6.15294
6.24407
6.33752
6.43179
6.53412
6.64501
6.75979
6.87947
7.01142
7.15046
7.30079
7.45876
7.62806
7.81902
8.03233
8.25787
8.52733
8.83643
9.18952
9.63619
10.1931
10.9456
12.0157
14.2693
