0.000474848
0.000948288
0.00142457
0.00189978
0.00237371
0.00285383
0.0033309
0.00380731
0.00428436
0.00476309
0.00524479
0.00572707
0.00620908
0.00669553
0.00717541
0.00765321
0.00814108
0.00862407
0.00910999
0.00959888
0.01009
0.0105758
0.0110673
0.0115622
0.0120549
0.0125465
0.0130363
0.0135284
0.0140213
0.0145117
0.015004
0.0155038
0.0159983
0.0164994
0.0169971
0.017492
0.0179912
0.0184868
0.0189847
0.0194844
0.0199885
0.0204926
0.0209938
0.0214999
0.0220056
0.0225121
0.0230147
0.0235284
0.0240359
0.024545
0.0250572
0.0255687
0.0260821
0.0265933
0.0271091
0.0276229
0.0281379
0.0286517
0.0291667
0.02968
0.0301958
0.0307157
0.0312361
0.0317566
0.0322824
0.0328093
0.0333294
0.0338509
0.0343728
0.0348955
0.0354201
0.0359491
0.0364766
0.0370085
0.0375381
0.0380684
0.0386005
0.0391354
0.0396648
0.0401945
0.0407241
0.0412572
0.0417933
0.0423326
0.0428646
0.0434006
0.0439394
0.0444791
0.0450136
0.0455571
0.0460974
0.0466398
0.0471798
0.047722
0.0482669
0.048812
0.0493582
0.0499049
0.0504519
0.0510005
0.0515551
0.0521078
0.0526615
0.0532194
0.0537707
0.0543264
0.0548828
0.0554362
0.0559961
0.0565565
0.0571146
0.0576742
0.058237
0.0587948
0.0593556
0.0599194
0.0604813
0.0610456
0.0616134
0.0621833
0.062752
0.0633214
0.0638932
0.0644652
0.0650374
0.0656096
0.0661848
0.0667567
0.0673313
0.0679058
0.068485
0.0690648
0.0696441
0.0702279
0.0708133
0.0713914
0.0719715
0.072557
0.0731451
0.0737337
0.0743189
0.0749066
0.075499
0.0760938
0.0766908
0.0772841
0.0778818
0.0784816
0.0790795
0.0796783
0.080272
0.0808749
0.0814777
0.0820853
0.0826876
0.08329
0.0838974
0.0845066
0.0851255
0.0857346
0.0863439
0.086958
0.0875714
0.0881805
0.0887978
0.0894155
0.0900355
0.0906525
0.0912667
0.0918894
0.0925123
0.0931355
0.0937632
0.0943879
0.0950156
0.0956427
0.0962699
0.0969046
0.0975358
0.0981693
0.0988055
0.0994417
0.100082
0.10072
0.101361
0.102001
0.102635
0.103276
0.103921
0.104565
0.105211
0.10586
0.10651
0.10716
0.107814
0.108464
0.109119
0.109776
0.110436
0.11109
0.111749
0.11241
0.113066
0.113732
0.114399
0.115064
0.115732
0.116396
0.117063
0.117733
0.118409
0.119084
0.119756
0.120428
0.121104
0.121782
0.122461
0.123142
0.123823
0.124502
0.125187
0.125877
0.126567
0.127254
0.127944
0.128635
0.129327
0.130021
0.130721
0.131418
0.132116
0.132823
0.133526
0.134227
0.134928
0.135641
0.136353
0.137065
0.13778
0.138491
0.139204
0.139918
0.140632
0.141355
0.142066
0.14279
0.143518
0.144245
0.144975
0.145704
0.146438
0.147176
0.147904
0.148637
0.149374
0.150108
0.150841
0.151583
0.152325
0.153077
0.153823
0.154567
0.155318
0.156067
0.156822
0.15758
0.158338
0.159095
0.159853
0.160616
0.161381
0.162141
0.162903
0.163675
0.164442
0.165216
0.165992
0.166769
0.167542
0.168325
0.169107
0.169889
0.170667
0.171449
0.172244
0.173032
0.173827
0.174613
0.175412
0.17621
0.177005
0.177801
0.178603
0.17941
0.180216
0.181024
0.181833
0.18264
0.18345
0.184274
0.185096
0.185913
0.186735
0.187563
0.188385
0.189216
0.190047
0.190881
0.19171
0.192542
0.193378
0.194214
0.195045
0.195884
0.196735
0.197582
0.198426
0.199277
0.200127
0.200981
0.201841
0.202717
0.203573
0.204438
0.2053
0.206169
0.207045
0.207914
0.208778
0.209657
0.210531
0.211424
0.212314
0.213205
0.214097
0.21498
0.215876
0.216773
0.217681
0.218579
0.219486
0.220388
0.221304
0.222213
0.223126
0.224034
0.22495
0.225869
0.226794
0.227711
0.228641
0.229573
0.230507
0.231438
0.232374
0.233314
0.234258
0.235207
0.236153
0.237111
0.238067
0.239023
0.239974
0.240936
0.241899
0.24286
0.243822
0.244793
0.245773
0.246753
0.247744
0.248725
0.249706
0.250699
0.25169
0.252684
0.25368
0.254677
0.255687
0.256689
0.257708
0.258722
0.259743
0.260764
0.261785
0.262809
0.263835
0.264872
0.265905
0.266945
0.26799
0.269031
0.270079
0.27113
0.272181
0.273239
0.274297
0.275364
0.276428
0.277509
0.278582
0.279654
0.280732
0.281809
0.282893
0.28398
0.285076
0.286175
0.287275
0.288375
0.289485
0.290592
0.291702
0.292815
0.293936
0.295061
0.296196
0.297333
0.298471
0.299603
0.300745
0.301895
0.303048
0.304196
0.305362
0.306525
0.307685
0.308849
0.310029
0.311214
0.312405
0.31359
0.314781
0.315981
0.317189
0.318391
0.319599
0.320804
0.322022
0.323242
0.324471
0.32571
0.326943
0.32818
0.329428
0.330684
0.331942
0.33319
0.334465
0.335739
0.337013
0.33829
0.339565
0.340852
0.342137
0.343429
0.34471
0.346019
0.347327
0.348647
0.349977
0.351306
0.352634
0.353967
0.355306
0.356648
0.357991
0.359338
0.360705
0.362066
0.363443
0.364824
0.366203
0.36759
0.368974
0.370382
0.371789
0.373195
0.37461
0.376026
0.377463
0.378889
0.380326
0.381772
0.38323
0.384678
0.386141
0.387611
0.389087
0.390574
0.392069
0.393563
0.395068
0.396577
0.398091
0.399607
0.401124
0.402664
0.404188
0.405744
0.407301
0.40887
0.410448
0.412031
0.413621
0.415202
0.416801
0.418398
0.420011
0.42163
0.423264
0.42492
0.426563
0.428219
0.429887
0.431553
0.433219
0.434904
0.436578
0.438275
0.439987
0.441691
0.443399
0.44513
0.446882
0.448633
0.450395
0.452155
0.453925
0.45569
0.457459
0.459258
0.46108
0.462897
0.464733
0.466578
0.468424
0.470288
0.472143
0.474026
0.475921
0.477823
0.47975
0.481664
0.483599
0.485552
0.487511
0.489477
0.49146
0.49344
0.495413
0.497419
0.49943
0.501469
0.503517
0.505575
0.507639
0.509731
0.511837
0.513937
0.516055
0.518182
0.52033
0.522491
0.524684
0.526872
0.52908
0.53129
0.533502
0.535732
0.538002
0.540254
0.542541
0.544835
0.547139
0.549462
0.5518
0.554159
0.556528
0.558917
0.561316
0.563745
0.566184
0.568629
0.571105
0.573602
0.576087
0.578608
0.581137
0.583707
0.586293
0.588879
0.591503
0.594143
0.59679
0.599457
0.602146
0.604832
0.607599
0.610365
0.61315
0.615941
0.618779
0.621642
0.624531
0.627437
0.63035
0.63331
0.636282
0.639268
0.642294
0.64534
0.648407
0.651513
0.654644
0.657784
0.66098
0.664188
0.667442
0.670696
0.674011
0.677364
0.680722
0.684109
0.687532
0.69099
0.694459
0.697979
0.701519
0.705148
0.708771
0.712436
0.716133
0.719839
0.723638
0.727458
0.731317
0.735201
0.739128
0.743145
0.74717
0.751251
0.755353
0.759551
0.763797
0.768059
0.772382
0.776775
0.781175
0.785636
0.790199
0.794796
0.799415
0.804152
0.808944
0.813821
0.81875
0.823712
0.828749
0.833888
0.839117
0.844349
0.849742
0.855199
0.860725
0.866343
0.872058
0.877883
0.883769
0.889791
0.895861
0.902032
0.908302
0.914648
0.921141
0.927722
0.934512
0.941341
0.948362
0.955465
0.962746
0.970146
0.977632
0.985329
0.993141
1.00117
1.0093
1.01764
1.02617
1.03488
1.04381
1.05288
1.06213
1.07174
1.08146
1.09139
1.10146
1.11191
1.12247
1.13332
1.14425
1.15555
1.16717
1.17893
1.19099
1.20343
1.21623
1.22921
1.24258
1.25622
1.27011
1.28447
1.29918
1.3141
1.32951
1.3452
1.36131
1.37793
1.395
1.41241
1.43021
1.44835
1.46707
1.48642
1.50603
1.52624
1.54687
1.5681
1.58985
1.61207
1.63499
1.65861
1.68284
1.7077
1.7331
1.75924
1.78624
1.81387
1.84209
1.87131
1.90131
1.93217
1.96422
1.99669
2.03078
2.06555
2.10134
2.13839
2.17655
2.21616
2.25704
2.29899
2.34237
2.38746
2.43421
2.48261
2.53299
2.58438
2.63765
2.69343
2.75167
2.81153
2.8747
2.94013
3.00763
3.07816
3.15224
3.2297
3.31002
3.39347
3.48041
3.57202
3.66831
3.7688
3.87438
3.98477
4.10008
4.22156
4.34951
4.4831
4.62386
4.77092
4.92751
5.09135
5.26485
5.44682
5.63789
5.84433
6.06135
6.29137
6.53331
6.78804
7.05775
7.34539
7.64913
7.97357
8.31974
8.68575
9.07412
9.4885
9.92749
10.3941
10.8864
11.4146
11.9748
12.5685
13.2041
13.8708
14.5859
15.3367
16.1403
16.9872
17.8727
18.8181
19.8136
20.8742
21.983
23.1516
24.3665
25.6599
27.0051
28.42
29.9054
31.447
33.0654
34.751
36.5047
38.3316
40.2284
42.1719
44.1964
46.3049
48.4926
50.7438
53.0614
55.47
57.9236
60.4572
63.0879
65.7598
68.5146
71.364
74.2501
77.2205
80.2622
83.3585
86.5757
89.8286
93.1492
96.5254
100.008
103.588
107.216
110.917
114.638
118.457
122.372
126.347
130.41
134.51
138.661
142.915
147.245
151.655
156.115
160.645
165.209
169.856
174.582
179.422
184.264
189.199
194.21
199.297
204.439
209.637
214.93
220.215
225.629
231.059
236.6
242.203
247.858
253.56
259.361
265.217
271.131
277.106
283.177
289.285
295.47
301.769
308.087
314.504
320.984
327.517
334.1
340.732
347.413
354.197
361.014
367.896
374.84
381.824
388.968
396.143
403.381
410.665
417.996
425.38
432.879
440.417
447.998
455.688
463.477
471.244
479.093
486.965
494.932
502.928
511.095
519.232
527.426
535.744
544.109
552.597
561.079
569.642
578.227
586.966
595.709
604.511
613.483
622.451
631.504
640.632
649.791
659.088
668.406
677.858
687.371
696.93
706.534
716.239
726.024
735.978
745.946
756.021
766.212
776.573
787.03
797.584
808.193
818.943
829.832
840.861
851.945
863.114
874.512
886.094
897.829
909.711
921.824
934.108
946.532
959.167
972.091
985.294
998.773
1012.55
1026.47
1040.78
1055.31
1070.39
1085.81
1101.58
1117.89
1134.84
1152.21
1170.38
1189.1
1208.7
1229.05
1250.52
1272.96
1296.54
1321.59
1348.59
1377.32
1408.14
1441.88
1478.72
1519.72
1565.95
1618.97
1681.01
1757.71
1858.35
2006.62
2294.12
