0.161848
0.325267
0.487514
0.651405
0.815589
0.979822
1.14675
1.31233
1.47737
1.64245
1.80879
1.97652
2.14336
2.31051
2.47783
2.64773
2.81637
2.9838
3.1524
3.32106
3.49139
3.66241
3.83422
4.00792
4.17901
4.35096
4.52358
4.69628
4.87065
5.04531
5.22041
5.39684
5.57235
5.74775
5.92408
6.09927
6.27618
6.45471
6.63276
6.81073
6.98923
7.1667
7.34754
7.52754
7.70838
7.89079
8.07353
8.25522
8.43819
8.61973
8.80352
8.98881
9.17235
9.35833
9.54589
9.73113
9.91711
10.104
10.2912
10.479
10.6665
10.8552
11.0437
11.2339
11.4253
11.6159
11.8077
11.9997
12.1936
12.3856
12.579
12.7736
12.9689
13.1638
13.3601
13.5567
13.7528
13.952
14.1481
14.3465
14.545
14.7459
14.947
15.1479
15.3492
15.5523
15.7568
15.9602
16.1641
16.3687
16.5734
16.779
16.9858
17.1939
17.4012
17.6085
17.8178
18.027
18.2381
18.45
18.6603
18.8722
19.0836
19.2966
19.5095
19.7233
19.9379
20.153
20.3698
20.5878
20.8038
21.0216
21.242
21.4627
21.6845
21.9056
22.127
22.35
22.5751
22.7992
23.0217
23.2461
23.4703
23.6988
23.9267
24.1536
24.3824
24.6126
24.8439
25.0735
25.3035
25.5372
25.7702
26.0048
26.2392
26.4717
26.7081
26.9472
27.184
27.4204
27.659
27.8991
28.1413
28.3811
28.6232
28.8639
29.1077
29.353
29.5984
29.8475
30.0951
30.3434
30.5927
30.8442
31.0938
31.3457
31.5976
31.852
32.1077
32.3621
32.6178
32.8757
33.1312
33.3901
33.6494
33.9109
34.1725
34.4364
34.6966
34.9619
35.2274
35.4916
35.7589
36.0262
36.2949
36.5637
36.8337
37.1066
37.3779
37.652
37.9299
38.2036
38.4842
38.7646
39.0442
39.3233
39.6048
39.8868
40.1708
40.4535
40.7428
41.0301
41.3174
41.6082
41.8993
42.1912
42.482
42.7731
43.0683
43.3649
43.6637
43.961
44.2608
44.5643
44.866
45.1672
45.472
45.779
46.0879
46.3958
46.7032
47.0126
47.3246
47.6383
47.9539
48.2687
48.5906
48.9093
49.2303
49.5534
49.876
50.2021
50.529
50.8574
51.1881
51.5193
51.8515
52.1829
52.5165
52.8564
53.1936
53.5321
53.875
54.2167
54.5593
54.9082
55.2567
55.6059
55.9591
56.312
56.6657
57.0242
57.3808
57.7414
58.102
58.4652
58.8325
59.1967
59.5659
59.9366
60.3104
60.6848
61.0594
61.4349
61.8167
62.1989
62.5861
62.9695
63.3609
63.7496
64.1442
64.5403
64.9343
65.3292
65.7279
66.1287
66.5317
66.9367
67.3478
67.7559
68.1711
68.5837
69.0033
69.4197
69.8433
70.2616
70.6859
71.1137
71.5475
71.9831
72.4185
72.8551
73.2912
73.7306
74.1797
74.631
75.0824
75.5417
75.9999
76.4621
76.9232
77.3909
77.8579
78.3294
78.8052
79.2869
79.7688
80.2532
80.7412
81.2308
81.7208
82.2133
82.7137
83.2202
83.7256
84.2306
84.7422
85.2569
85.7823
86.307
86.8358
87.3697
87.9033
88.4416
88.9813
89.532
90.0825
90.6339
91.1874
91.7515
92.318
92.8887
93.461
94.0396
94.621
95.209
95.8017
96.3985
96.9912
97.5952
98.2008
98.8108
99.4312
100.053
100.686
101.323
101.961
102.608
103.255
103.915
104.571
105.234
105.905
106.584
107.265
107.96
108.652
109.355
110.059
110.769
111.49
112.216
112.947
113.684
114.432
115.185
115.939
116.704
117.472
118.25
119.04
119.834
120.638
121.444
122.255
123.077
123.912
124.752
125.604
126.459
127.331
128.205
129.08
129.973
130.876
131.786
132.696
133.625
134.55
135.493
136.445
137.399
138.377
139.36
140.346
141.348
142.363
143.393
144.43
145.477
146.534
147.608
148.68
149.764
150.869
151.998
153.127
154.262
155.422
156.602
157.799
158.998
160.206
161.44
162.687
163.942
165.212
166.505
167.812
169.14
170.496
171.866
173.235
174.629
176.046
177.488
178.945
180.425
181.923
183.442
184.98
186.541
188.117
189.73
191.359
193.003
194.699
196.424
198.169
199.945
201.721
203.549
205.392
207.265
209.189
211.144
213.128
215.169
217.225
219.315
221.435
223.598
225.805
228.065
230.363
232.695
235.073
237.497
239.976
242.509
245.101
247.734
250.445
253.227
256.032
258.927
261.898
264.903
268.057
271.26
274.562
277.936
281.418
285.007
288.705
292.507
296.429
300.456
304.618
308.915
313.41
317.999
322.856
327.825
332.976
338.353
343.977
349.948
356.079
362.552
369.35
376.488
384.062
392.128
400.668
409.782
419.65
430.149
441.627
454.247
467.914
483.229
500.417
520.064
543.164
570.839
605.899
652.797
721.944
860.9
