0.0493139
0.0989567
0.148881
0.200713
0.252475
0.305204
0.357859
0.41196
0.466251
0.521726
0.577827
0.634647
0.691815
0.749892
0.809515
0.869618
0.930717
0.992491
1.05511
1.11832
1.18191
1.24722
1.31261
1.37909
1.44649
1.51546
1.58549
1.65523
1.72652
1.798
1.87071
1.94405
2.01889
2.09473
2.17034
2.24677
2.32483
2.40355
2.4825
2.56344
2.64494
2.72731
2.81039
2.89507
2.98032
3.06553
3.15221
3.23958
3.32823
3.41697
3.5074
3.59849
3.69041
3.78342
3.8772
3.97229
4.06743
4.1649
4.26259
4.36097
4.46019
4.56028
4.66164
4.7642
4.86722
4.97237
5.07679
5.18226
5.28894
5.39623
5.50574
5.61477
5.72538
5.83701
5.94932
6.06252
6.17718
6.29231
6.40828
6.52609
6.64471
6.76394
6.88483
7.00577
7.12813
7.25242
7.37642
7.50075
7.62815
7.75534
7.88415
8.01483
8.14552
8.27723
8.40908
8.54301
8.67786
8.81449
8.95104
9.09016
9.23076
9.36958
9.51033
9.65252
9.79558
9.93936
10.0847
10.2318
10.379
10.5291
10.6779
10.8281
10.9803
11.1331
11.2868
11.4422
11.5998
11.7576
11.9172
12.0771
12.2396
12.4023
12.5642
12.7285
12.8945
13.063
13.2301
13.4001
13.5704
13.7439
13.9177
14.0934
14.2695
14.4474
14.6276
14.8075
14.9905
15.1724
15.3566
15.5424
15.7293
15.9172
16.107
16.2964
16.4887
16.6799
16.8735
17.0681
17.2663
17.464
17.6649
17.8651
18.0696
18.2742
18.4793
18.687
18.896
19.1073
19.3181
19.5316
19.7456
19.9622
20.1796
20.3977
20.6176
20.841
21.0651
21.2896
21.515
21.7427
21.9733
22.205
22.4383
22.6726
22.9111
23.1493
23.388
23.6303
23.8738
24.1192
24.3662
24.6155
24.8633
25.1165
25.3709
25.6262
25.8821
26.1393
26.3995
26.6622
26.9246
27.1905
27.4575
27.7256
27.9984
28.272
28.5479
28.826
29.1045
29.384
29.666
29.9503
30.2363
30.5218
30.8145
31.1061
31.4017
31.6978
31.9963
32.2966
32.5978
32.903
33.2089
33.5154
33.8268
34.1395
34.4571
34.7729
35.0924
35.4148
35.7388
36.0638
36.3905
36.7199
37.0504
37.3841
37.7242
38.0653
38.4059
38.7506
39.0979
39.4456
39.7984
40.1528
40.509
40.8667
41.2294
41.5948
41.9602
42.3316
42.7041
43.0777
43.4554
43.8331
44.2159
44.6002
44.9854
45.3743
45.7637
46.1589
46.5592
46.9604
47.3647
47.7707
48.1816
48.5951
49.0085
49.4272
49.8465
50.2737
50.6996
51.1325
51.5673
52.0066
52.4472
52.8892
53.3374
53.7821
54.2346
54.6893
55.15
55.6143
56.0808
56.5517
57.0246
57.4993
57.9774
58.4634
58.9498
59.4374
59.9319
60.4321
60.9301
61.4336
61.9374
62.4526
62.9679
63.4904
64.0176
64.5427
65.0773
65.614
66.155
66.701
67.2528
67.8044
68.3643
68.9273
69.4927
70.0612
70.6373
71.218
71.8
72.3885
72.9849
73.5863
74.1874
74.795
75.4098
76.0273
76.642
77.2642
77.9035
78.5389
79.179
79.8217
80.4696
81.1262
81.7829
82.4484
83.1195
83.7942
84.4766
85.1654
85.8619
86.5654
87.2703
87.981
88.6989
89.4282
90.1632
90.8974
91.6376
92.3845
93.1489
93.9085
94.6826
95.4568
96.2376
97.0246
97.8178
98.6214
99.4364
100.255
101.075
101.914
102.755
103.605
104.46
105.328
106.195
107.073
107.956
108.849
109.758
110.669
111.582
112.511
113.444
114.395
115.344
116.311
117.282
118.27
119.264
120.275
121.284
122.308
123.343
124.38
125.43
126.492
127.564
128.647
129.738
130.843
131.963
133.098
134.239
135.398
136.561
137.742
138.92
140.122
141.335
142.567
143.804
145.075
146.345
147.633
148.938
150.261
151.592
152.943
154.29
155.664
157.048
158.464
159.905
161.344
162.819
164.299
165.8
167.322
168.847
170.407
171.969
173.562
175.179
176.816
178.479
180.141
181.846
183.569
185.321
187.108
188.89
190.722
192.568
194.427
196.326
198.26
200.242
202.233
204.253
206.29
208.368
210.481
212.611
214.794
217.018
219.272
221.564
223.889
226.261
228.703
231.141
233.611
236.121
238.703
241.34
244.051
246.79
249.589
252.414
255.339
258.298
261.31
264.371
267.543
270.763
274.049
277.426
280.882
284.404
288.015
291.68
295.462
299.354
303.363
307.428
311.694
316.027
320.446
325.022
329.696
334.516
339.51
344.706
350.096
355.67
361.385
367.319
373.467
379.909
386.567
393.524
400.836
408.43
416.355
424.727
433.581
443.006
452.983
463.514
474.759
486.769
499.725
513.81
529.17
546.112
564.856
586.177
610.519
638.889
672.612
715.188
771.792
857.13
1026.1
