0.00073975
0.00147485
0.00221945
0.00296355
0.00370908
0.00445383
0.00520112
0.00595193
0.00669982
0.00744987
0.00819984
0.00895542
0.00970912
0.0104645
0.0112185
0.0119708
0.0127247
0.0134871
0.0142472
0.015005
0.0157647
0.0165321
0.0173037
0.0180723
0.0188435
0.0196159
0.0203868
0.0211577
0.0219247
0.022697
0.0234746
0.0242559
0.0250404
0.025817
0.0265943
0.02738
0.0281636
0.0289467
0.0297341
0.0305228
0.031311
0.0320994
0.0328936
0.033691
0.0344847
0.0352774
0.0360728
0.0368676
0.0376695
0.0384661
0.0392753
0.0400846
0.0409021
0.0417004
0.0425171
0.0433379
0.0441483
0.0449675
0.0457925
0.0466104
0.047429
0.0482516
0.0490732
0.0498959
0.0507285
0.0515582
0.0523908
0.0532185
0.054048
0.0548785
0.0557094
0.0565501
0.0573802
0.0582215
0.0590656
0.0599056
0.0607418
0.0615871
0.0624376
0.0632805
0.0641261
0.0649807
0.0658339
0.0666847
0.0675335
0.0683955
0.069255
0.0701152
0.0709774
0.0718416
0.0727097
0.0735748
0.0744417
0.0753127
0.0761817
0.0770613
0.077939
0.0788202
0.0796974
0.0805871
0.0814699
0.0823556
0.083246
0.0841354
0.0850226
0.0859168
0.086811
0.0877068
0.0886003
0.0894952
0.0903949
0.0913068
0.0922079
0.0931135
0.0940175
0.0949258
0.0958359
0.0967573
0.097674
0.0985857
0.0995094
0.100429
0.101349
0.102274
0.103203
0.10413
0.105063
0.106003
0.106939
0.107881
0.108821
0.109757
0.110702
0.111649
0.11259
0.113539
0.114488
0.115445
0.116395
0.117353
0.11831
0.119273
0.120237
0.121206
0.122176
0.12314
0.12411
0.125079
0.126055
0.127033
0.128013
0.12899
0.129981
0.13097
0.131953
0.132938
0.133937
0.134928
0.135924
0.136918
0.137914
0.138911
0.139925
0.140933
0.141939
0.142955
0.143975
0.144993
0.146006
0.147038
0.148058
0.149072
0.150108
0.151137
0.152168
0.153201
0.154251
0.155288
0.156333
0.157373
0.15842
0.159474
0.16053
0.16159
0.162647
0.16371
0.164774
0.165837
0.166898
0.167968
0.169043
0.17012
0.171186
0.172262
0.173346
0.174436
0.175522
0.176617
0.17771
0.178804
0.179904
0.181005
0.182106
0.183214
0.184325
0.185439
0.186558
0.187681
0.188795
0.189917
0.191044
0.192178
0.193299
0.194434
0.195567
0.196704
0.197848
0.199
0.200148
0.201297
0.202443
0.203603
0.204767
0.205922
0.207094
0.208264
0.209435
0.210613
0.211786
0.21297
0.21415
0.215332
0.216522
0.217715
0.218907
0.220103
0.221309
0.222522
0.223729
0.224945
0.226158
0.227373
0.228588
0.229824
0.231048
0.232275
0.23351
0.234748
0.235982
0.237221
0.238465
0.239716
0.240976
0.242233
0.243488
0.244755
0.246023
0.247296
0.248568
0.249847
0.251135
0.252409
0.253694
0.254993
0.256287
0.257583
0.25888
0.26019
0.2615
0.262814
0.264131
0.265455
0.266785
0.268111
0.269456
0.27079
0.272133
0.273485
0.274822
0.276161
0.277509
0.278881
0.280245
0.28163
0.283001
0.284391
0.285769
0.287157
0.288541
0.28993
0.291337
0.292753
0.294169
0.295564
0.296984
0.298401
0.299834
0.301261
0.302699
0.304132
0.30559
0.307042
0.308489
0.309948
0.311402
0.312875
0.314343
0.315806
0.317285
0.318758
0.320234
0.321746
0.323253
0.324755
0.326266
0.32778
0.32929
0.330822
0.332346
0.333873
0.335414
0.336953
0.338491
0.340041
0.341611
0.343181
0.344756
0.34632
0.347897
0.349476
0.351058
0.352651
0.354243
0.355839
0.357452
0.359069
0.360684
0.362318
0.36395
0.365572
0.367212
0.36886
0.370517
0.372173
0.373852
0.375522
0.377212
0.378885
0.380572
0.382257
0.383971
0.385671
0.387385
0.389101
0.390824
0.392553
0.394288
0.39605
0.397807
0.399558
0.401323
0.403093
0.40487
0.406643
0.408439
0.410235
0.412046
0.413851
0.415669
0.417498
0.419331
0.421165
0.42302
0.424875
0.426752
0.428603
0.430492
0.432377
0.434279
0.436186
0.438096
0.440014
0.441936
0.44387
0.445791
0.447742
0.449691
0.451642
0.453599
0.455581
0.457561
0.459565
0.461578
0.463604
0.465627
0.467662
0.469691
0.471741
0.473822
0.475873
0.47794
0.480018
0.482119
0.484226
0.486332
0.488441
0.490567
0.492691
0.494826
0.496993
0.499157
0.501332
0.503503
0.50572
0.507903
0.510135
0.512357
0.514583
0.516829
0.519093
0.521339
0.523633
0.525912
0.528192
0.530511
0.532842
0.535169
0.537527
0.539895
0.542257
0.544639
0.547021
0.549425
0.551828
0.554293
0.556742
0.559179
0.561645
0.564116
0.566603
0.569119
0.571636
0.574158
0.576698
0.579267
0.581831
0.584386
0.586969
0.58957
0.592233
0.594887
0.597529
0.600205
0.602847
0.605528
0.608231
0.610985
0.613728
0.616484
0.619239
0.622022
0.624803
0.627615
0.630475
0.633338
0.636254
0.639162
0.642088
0.645007
0.64795
0.650889
0.653836
0.65684
0.659862
0.662911
0.66597
0.669053
0.672166
0.675279
0.678402
0.681532
0.684677
0.687856
0.691059
0.694271
0.697535
0.700806
0.704091
0.707417
0.710774
0.71413
0.717507
0.720896
0.724324
0.727761
0.731245
0.734793
0.738326
0.741886
0.74548
0.749103
0.752728
0.756391
0.760107
0.763805
0.767564
0.771303
0.775103
0.778951
0.782826
0.78672
0.79067
0.794667
0.798648
0.802677
0.806748
0.81084
0.814973
0.819105
0.823287
0.827485
0.831741
0.836031
0.840324
0.844644
0.849009
0.853433
0.857899
0.862412
0.867003
0.87158
0.876205
0.880832
0.885581
0.890361
0.895189
0.900044
0.904956
0.90994
0.914967
0.920023
0.92518
0.930318
0.935488
0.940788
0.946114
0.951506
0.956945
0.962432
0.967998
0.973622
0.979246
0.984972
0.990788
0.9966
1.00248
1.00842
1.01444
1.02047
1.02665
1.03288
1.03916
1.0455
1.05194
1.05849
1.06513
1.07181
1.07853
1.08533
1.09222
1.09921
1.10627
1.1134
1.12063
1.1279
1.13527
1.14279
1.15038
1.15802
1.16575
1.17367
1.18149
1.18952
1.19763
1.20583
1.21409
1.22246
1.23093
1.23954
1.24822
1.25703
1.26593
1.2749
1.28403
1.29328
1.30256
1.31193
1.32151
1.3312
1.34099
1.35099
1.36112
1.37126
1.38145
1.39177
1.40239
1.41308
1.42393
1.43482
1.44578
1.45684
1.46816
1.47966
1.49133
1.50301
1.51491
1.52697
1.53911
1.55144
1.56385
1.57637
1.58917
1.60211
1.61514
1.62834
1.64183
1.65537
1.66916
1.68312
1.69719
1.71147
1.72597
1.74075
1.75572
1.77073
1.7859
1.80122
1.817
1.83286
1.84892
1.86499
1.88134
1.89793
1.91468
1.93172
1.94912
1.96665
1.98443
2.00257
2.02076
2.03934
2.05821
2.07725
2.09647
2.11574
2.13557
2.15573
2.17614
2.19679
2.21754
2.23873
2.26026
2.2821
2.30415
2.32653
2.34929
2.37249
2.39568
2.41923
2.44299
2.46759
2.4923
2.51745
2.54307
2.56874
2.59508
2.62157
2.64886
2.67638
2.7045
2.73302
2.76184
2.79114
2.82101
2.85119
2.88168
2.91305
2.9447
2.97702
3.00952
3.04279
3.0765
3.1111
3.14603
3.18182
3.21822
3.25507
3.29234
3.33021
3.36886
3.40798
3.44838
3.48873
3.52997
3.57193
3.61475
3.65835
3.70274
3.7476
3.79339
3.8406
3.88833
3.93724
3.98642
4.03639
4.08751
4.13958
4.19288
4.24727
4.30222
4.35816
4.41534
4.47367
4.53368
4.59354
4.65498
4.71746
4.78132
4.847
4.91321
4.98097
5.05013
5.12062
5.19205
5.26493
5.33979
5.41587
5.49433
5.57377
5.65564
5.7386
5.82243
5.90956
5.99781
6.08737
6.17917
6.27285
6.3699
6.46807
6.56838
6.67077
6.77525
6.88256
6.99167
7.10271
7.21631
7.33343
7.45368
7.57563
7.70028
7.82849
7.95852
8.09421
8.232
8.37253
8.51679
8.66398
8.81486
8.96958
9.12844
9.29054
9.45498
9.62423
9.79804
9.9777
10.161
10.349
10.5409
10.7371
10.9401
11.1492
11.3611
11.5784
11.8019
12.031
12.2679
12.5106
12.7588
13.0154
13.2799
13.5481
13.8236
14.1069
14.3973
14.7
15.0084
15.3287
15.656
15.9938
16.3381
16.6942
17.0563
17.4322
17.8161
18.2138
18.624
19.0421
19.4783
19.9259
20.3845
20.8585
21.3492
21.8473
22.3641
22.8997
23.4523
24.0194
24.6032
25.2029
25.824
26.4593
27.1201
27.8011
28.4965
29.2195
29.9637
30.7333
31.5275
32.3515
33.1946
34.0628
34.96
35.8895
36.8444
37.8306
38.849
39.8967
40.9796
42.1001
43.2528
44.4442
45.6702
46.9413
48.256
49.6039
50.9904
52.4314
53.9144
55.4338
57.0216
58.6508
60.3279
62.066
63.8577
65.6939
67.6021
69.5662
71.5751
73.659
75.8098
78.0158
80.2971
82.6609
85.0848
87.5865
90.1694
92.8429
95.602
98.4044
101.307
104.296
107.357
110.513
113.777
117.096
120.544
124.076
127.743
131.504
135.356
139.301
143.368
147.52
151.806
156.165
160.648
165.299
170.056
174.914
179.927
185.031
190.249
195.603
201.064
206.671
212.433
218.344
224.363
230.509
236.813
243.215
249.781
256.515
263.354
270.338
277.507
284.802
292.252
299.879
307.639
315.627
323.696
331.953
340.358
348.932
357.64
366.504
375.55
384.744
394.159
403.766
413.515
423.462
433.55
443.837
454.261
464.826
475.617
486.547
497.753
509.044
520.573
532.153
543.928
555.962
568.247
580.706
593.362
606.124
619.165
632.342
645.776
659.399
673.144
687.193
701.342
715.756
730.281
745.138
760.276
775.425
790.85
806.528
822.401
838.536
854.851
871.413
888.213
905.332
922.661
940.384
958.251
976.526
995.016
1013.72
1032.88
1052.3
1072.07
1092.19
1112.57
1133.56
1154.91
1176.74
1199.03
1221.82
1245.26
1269.54
1294.43
1319.79
1346.25
1373.65
1401.74
1431.34
1461.81
1493.84
1527.49
1562.94
1600.47
1640.07
1683.21
1730.03
1780.97
1836.75
1899.82
1972.02
2057.48
2161.41
2297.12
2496.12
2882.48
