1.61585
2.05623
2.36973
2.62781
2.85665
3.06546
3.26059
3.44555
3.62133
3.79078
3.95434
4.11431
4.27094
4.42376
4.57277
4.71928
4.86628
5.01011
5.15285
5.29415
5.43381
5.57376
5.71176
5.84848
5.98566
6.12128
6.25667
6.39079
6.52491
6.65839
6.79306
6.92458
7.05851
7.1919
7.32353
7.45636
7.5893
7.72178
7.85411
7.9872
8.12087
8.25367
8.38682
8.52028
8.65426
8.78813
8.92139
9.05486
9.18843
9.32348
9.45857
9.59282
9.72827
9.86393
10.0013
10.1384
10.2755
10.4132
10.5513
10.6876
10.8263
10.9657
11.1043
11.2444
11.3836
11.5231
11.6643
11.8061
11.9473
12.0905
12.2326
12.3752
12.5194
12.6643
12.8086
12.9538
13.0991
13.2452
13.3925
13.5398
13.6886
13.8377
13.9867
14.1361
14.2864
14.4363
14.5886
14.74
14.8931
15.0478
15.2032
15.3596
15.5149
15.6703
15.8273
15.9843
16.142
16.3014
16.4615
16.6217
16.7842
16.9462
17.108
17.2714
17.4367
17.6028
17.7685
17.9343
18.1006
18.2691
18.4378
18.6075
18.7774
18.9487
19.1208
19.2933
19.4672
19.6418
19.8168
19.9925
20.1704
20.3482
20.5273
20.7074
20.8881
21.07
21.2511
21.4336
21.6174
21.8026
21.9886
22.1742
22.3599
22.5484
22.7388
22.9303
23.12
23.3115
23.5044
23.6979
23.8934
24.0903
24.2886
24.4855
24.6836
24.8837
25.0859
25.2881
25.494
25.698
25.9036
26.1114
26.3199
26.5291
26.7375
26.9479
27.1595
27.3737
27.5889
27.8035
28.0192
28.2354
28.4538
28.6761
28.8972
29.1209
29.3446
29.5681
29.7935
30.0204
30.2511
30.4796
30.7094
30.9419
31.1762
31.4112
31.65
31.8873
32.1263
32.3658
32.608
32.849
33.0929
33.3396
33.5854
33.833
34.081
34.3331
34.5851
34.8382
35.095
35.3499
35.6087
35.8681
36.1277
36.3924
36.6549
36.9219
37.1869
37.4561
37.7269
38.001
38.2734
38.5505
38.8249
39.1062
39.3856
39.6692
39.9526
40.2387
40.5234
40.8097
41.0961
41.3893
41.682
41.9774
42.2754
42.5772
42.8779
43.1813
43.4846
43.7909
44.0997
44.4094
44.7209
45.0357
45.3495
45.6651
45.9805
46.3019
46.6253
46.9497
47.277
47.6049
47.9377
48.271
48.6071
48.9414
49.2806
49.6219
49.9634
50.3103
50.6599
51.0115
51.3664
51.7211
52.0756
52.4313
52.796
53.1589
53.5238
53.8949
54.2632
54.6389
55.0159
55.3931
55.7722
56.1538
56.5384
56.9264
57.3199
57.7095
58.1073
58.5064
58.9078
59.3111
59.716
60.1298
60.5438
60.9562
61.3774
61.8031
62.2266
62.6546
63.0863
63.5156
63.9511
64.3885
64.828
65.276
65.729
66.1802
66.635
67.0906
67.5502
68.0169
68.4824
68.9529
69.4282
69.9068
70.3867
70.8738
71.3609
71.8513
72.3482
72.8443
73.3525
73.8629
74.3732
74.8849
75.4047
75.9246
76.4464
76.9782
77.5118
78.0488
78.5931
79.1419
79.6873
80.2415
80.8026
81.3698
81.9379
82.5069
83.0843
83.6663
84.2486
84.8429
85.4364
86.035
86.6365
87.2511
87.8664
88.4856
89.1164
89.7413
90.3752
91.0229
91.6653
92.3193
92.9763
93.6391
94.3038
94.9771
95.6597
96.346
97.0415
97.7338
98.4329
99.1471
99.8654
100.584
101.318
102.052
102.794
103.542
104.297
105.056
105.83
106.605
107.382
108.178
108.969
109.775
110.585
111.404
112.231
113.065
113.91
114.76
115.613
116.488
117.361
118.238
119.13
120.027
120.941
121.855
122.786
123.72
124.663
125.623
126.587
127.558
128.548
129.537
130.543
131.559
132.585
133.621
134.68
135.746
136.819
137.902
138.993
140.104
141.223
142.359
143.517
144.672
145.843
147.032
148.229
149.445
150.677
151.925
153.185
154.464
155.753
157.054
158.384
159.723
161.078
162.44
163.84
165.247
166.673
168.119
169.586
171.081
172.593
174.126
175.671
177.236
178.823
180.443
182.077
183.727
185.411
187.131
188.867
190.631
192.419
194.22
196.055
197.919
199.832
201.742
203.709
205.709
207.737
209.797
211.9
214.048
216.217
218.414
220.67
222.93
225.236
227.591
229.998
232.436
234.954
237.489
240.089
242.751
245.458
248.215
251.007
253.896
256.871
259.871
262.917
266.064
269.261
272.544
275.938
279.399
282.955
286.588
290.32
294.152
298.138
302.196
306.386
310.688
315.094
319.702
324.427
329.283
334.337
339.551
344.959
350.53
356.314
362.311
368.559
375.099
381.945
389.074
396.557
404.486
412.83
421.559
430.814
440.719
451.191
462.5
474.681
487.747
502.031
517.793
535.36
555.215
577.949
604.432
637.141
679.23
739.238
849.792
