11.6675
14.2266
15.9067
17.2213
18.3147
19.2655
20.1157
20.8826
21.5974
22.267
22.8992
23.4942
24.0642
24.6095
25.1272
25.6243
26.1075
26.5763
27.0318
27.4713
27.9016
28.3194
28.7284
29.1274
29.5183
29.8977
30.2723
30.6412
31.0001
31.352
31.7024
32.0439
32.3804
32.7184
33.0484
33.3725
33.6929
34.0103
34.3229
34.6314
34.9362
35.2372
35.5351
35.829
36.1239
36.412
36.6997
36.9844
37.2692
37.5484
37.8258
38.1009
38.3741
38.643
38.9092
39.1727
39.4366
39.6997
39.9591
40.2163
40.4749
40.7284
40.9842
41.2385
41.4883
41.7396
41.9901
42.2386
42.4854
42.7315
42.977
43.22
43.4626
43.7059
43.9458
44.1856
44.4226
44.6601
44.8968
45.1313
45.3657
45.6
45.833
46.0655
46.2943
46.5248
46.7543
46.9826
47.2128
47.4395
47.6671
47.8937
48.1186
48.3428
48.5677
48.7925
49.0187
49.2434
49.4655
49.686
49.9063
50.1289
50.3487
50.5685
50.7883
51.0063
51.2257
51.4442
51.661
51.8784
52.0946
52.3096
52.5248
52.7393
52.9545
53.1717
53.3874
53.6009
53.8157
54.0297
54.2437
54.4587
54.6711
54.8853
55.0984
55.3127
55.5266
55.7396
55.9534
56.1668
56.378
56.5904
56.8016
57.0128
57.2251
57.4377
57.6486
57.862
58.072
58.2832
58.494
58.7042
58.9162
59.1271
59.3372
59.5479
59.7584
59.9706
60.1804
60.3908
60.6034
60.8143
61.023
61.2334
61.4431
61.6517
61.8626
62.0729
62.2842
62.4979
62.7081
62.9194
63.1302
63.3412
63.5519
63.7639
63.9762
64.1873
64.3999
64.6091
64.8223
65.0343
65.2489
65.4621
65.6747
65.8881
66.0998
66.3125
66.5253
66.7377
66.9506
67.1627
67.3762
67.5909
67.8046
68.0192
68.2336
68.4499
68.6643
68.8798
69.0948
69.3106
69.5258
69.7424
69.9553
70.1728
70.3893
70.6062
70.8236
71.0431
71.2621
71.4808
71.7011
71.9212
72.14
72.3602
72.5805
72.8003
73.023
73.2434
73.4617
73.6836
73.9059
74.1274
74.3516
74.5744
74.7991
75.0232
75.2473
75.4722
75.6971
75.9226
76.1496
76.3763
76.6019
76.8283
77.0555
77.2833
77.5129
77.7424
77.9735
78.2021
78.4329
78.6622
78.8935
79.1282
79.3598
79.5923
79.8259
80.061
80.2969
80.5331
80.771
81.0065
81.2438
81.4813
81.7204
81.9608
82.1987
82.439
82.6808
82.9219
83.1662
83.4086
83.6524
83.8965
84.1433
84.3887
84.6364
84.8831
85.1316
85.3811
85.631
85.8822
86.1317
86.3847
86.6388
86.8929
87.1466
87.4017
87.6564
87.9142
88.1741
88.434
88.6927
88.9525
89.2133
89.4762
89.7406
90.004
90.2714
90.5357
90.8044
91.0714
91.3388
91.608
91.8763
92.1478
92.4195
92.6939
92.9697
93.247
93.5227
93.8019
94.0804
94.3609
94.6428
94.9234
95.2054
95.492
95.7775
96.0665
96.3557
96.6476
96.9362
97.2305
97.5275
97.8231
98.1226
98.4228
98.7251
99.026
99.3313
99.6347
99.9423
100.248
100.557
100.868
101.18
101.495
101.808
102.123
102.441
102.761
103.083
103.405
103.729
104.056
104.383
104.717
105.05
105.385
105.722
106.062
106.401
106.741
107.085
107.432
107.783
108.135
108.488
108.849
109.208
109.568
109.928
110.293
110.661
111.03
111.404
111.78
112.161
112.541
112.927
113.316
113.705
114.098
114.494
114.89
115.288
115.693
116.099
116.509
116.919
117.336
117.755
118.176
118.604
119.036
119.468
119.905
120.345
120.788
121.237
121.691
122.146
122.607
123.075
123.548
124.021
124.501
124.981
125.468
125.961
126.457
126.956
127.465
127.974
128.49
129.014
129.539
130.073
130.614
131.161
131.71
132.274
132.84
133.407
133.989
134.576
135.168
135.772
136.375
136.994
137.615
138.241
138.882
139.526
140.178
140.841
141.517
142.196
142.888
143.58
144.289
145.011
145.747
146.485
147.237
147.997
148.772
149.564
150.361
151.178
152
152.845
153.702
154.579
155.462
156.358
157.282
158.218
159.174
160.134
161.113
162.108
163.131
164.178
165.243
166.329
167.438
168.569
169.731
170.891
172.095
173.335
174.594
175.889
177.207
178.554
179.946
181.373
182.827
184.327
185.854
187.421
189.039
190.69
192.405
194.168
195.975
197.839
199.757
201.733
203.779
205.9
208.084
210.335
212.657
215.102
217.614
220.243
222.953
225.799
228.738
231.788
235.02
238.407
241.938
245.657
249.554
253.643
257.975
262.551
267.454
272.687
278.259
284.333
290.894
297.958
305.78
314.369
323.941
334.761
347.287
361.837
379.349
401.172
430.123
473.229
555.171
