0.000788324
0.0015837
0.00238017
0.00317673
0.00398277
0.00478806
0.0055976
0.00639786
0.00720043
0.00799862
0.00880659
0.0096137
0.0104152
0.0112167
0.0120129
0.0128193
0.0136336
0.0144531
0.0152623
0.0160751
0.016891
0.0177021
0.0185142
0.0193283
0.0201421
0.0209597
0.0217843
0.0226074
0.0234263
0.0242421
0.0250718
0.0258951
0.0267219
0.0275473
0.0283641
0.029189
0.0300164
0.0308505
0.0316725
0.0325011
0.0333398
0.0341768
0.0350139
0.0358435
0.0366776
0.037506
0.0383417
0.0391791
0.0400207
0.0408605
0.0416979
0.0425393
0.0433828
0.0442185
0.0450634
0.0459009
0.0467459
0.0475892
0.0484321
0.0492843
0.0501346
0.0509886
0.0518494
0.052701
0.0535581
0.0544125
0.0552781
0.0561313
0.0569881
0.0578518
0.0587124
0.0595735
0.0604398
0.0613055
0.0621648
0.0630324
0.0638984
0.0647675
0.065642
0.0665193
0.0673893
0.0682708
0.0691489
0.0700222
0.0708976
0.0717761
0.0726633
0.0735403
0.0744159
0.0752988
0.0761795
0.0770654
0.0779558
0.0788389
0.0797281
0.0806083
0.081507
0.0823972
0.0832842
0.084175
0.0850708
0.0859627
0.0868656
0.0877611
0.0886546
0.0895484
0.0904516
0.0913468
0.0922468
0.0931565
0.0940616
0.094966
0.0958797
0.096782
0.0976969
0.0986111
0.0995241
0.100431
0.101344
0.102265
0.103185
0.104108
0.105033
0.105957
0.10688
0.107807
0.108735
0.109667
0.110599
0.111523
0.112456
0.113389
0.114323
0.115259
0.116196
0.117133
0.11807
0.119016
0.119955
0.120893
0.12183
0.122775
0.123719
0.124661
0.125603
0.126551
0.127502
0.128458
0.129409
0.130358
0.131301
0.132256
0.133207
0.134175
0.135129
0.136097
0.137054
0.138021
0.138986
0.139949
0.140919
0.141885
0.142846
0.143823
0.144794
0.145766
0.146733
0.147706
0.148677
0.149651
0.150632
0.151616
0.152593
0.15357
0.154557
0.155539
0.15653
0.157519
0.158514
0.159506
0.160504
0.161502
0.162499
0.163501
0.164499
0.165497
0.166501
0.167512
0.168522
0.169522
0.170532
0.171543
0.172561
0.173572
0.174586
0.175601
0.176625
0.177644
0.178672
0.179691
0.180716
0.181742
0.182758
0.18379
0.18482
0.185849
0.186873
0.187903
0.18894
0.18998
0.191017
0.192054
0.193101
0.194142
0.195186
0.196226
0.197275
0.198321
0.199368
0.20042
0.20147
0.202524
0.203583
0.204643
0.205698
0.206758
0.207821
0.208892
0.209959
0.211029
0.212095
0.213172
0.214239
0.21532
0.216395
0.217464
0.21854
0.219629
0.22072
0.221794
0.222882
0.223971
0.225062
0.226148
0.22725
0.228345
0.229446
0.230536
0.231632
0.232743
0.233849
0.23495
0.236054
0.237163
0.238275
0.239382
0.240491
0.241602
0.24272
0.243831
0.244949
0.246068
0.247192
0.24832
0.249447
0.250566
0.251696
0.252826
0.253957
0.255098
0.256231
0.25738
0.258516
0.259654
0.260799
0.261949
0.263097
0.264245
0.265386
0.266537
0.267702
0.268854
0.270011
0.271168
0.272332
0.273496
0.274661
0.275831
0.276997
0.278172
0.279347
0.280528
0.281703
0.282888
0.28407
0.285243
0.286438
0.287624
0.288809
0.289999
0.291192
0.292378
0.293587
0.29478
0.295988
0.297181
0.298393
0.299601
0.300808
0.302022
0.303233
0.304454
0.305669
0.306894
0.308112
0.309325
0.310546
0.311775
0.313009
0.314242
0.315481
0.316716
0.31796
0.319196
0.320436
0.321676
0.322921
0.324174
0.32542
0.326667
0.32793
0.329187
0.330443
0.331709
0.332964
0.334237
0.335499
0.33677
0.338037
0.339334
0.340608
0.341887
0.34317
0.344439
0.345727
0.347016
0.348309
0.349604
0.350898
0.352205
0.353505
0.354808
0.356123
0.357419
0.358721
0.36004
0.361352
0.362672
0.36399
0.365301
0.366633
0.367953
0.369265
0.37059
0.371938
0.373272
0.374601
0.375944
0.377278
0.378624
0.379963
0.381314
0.382663
0.384022
0.385371
0.386741
0.38809
0.389459
0.390833
0.392207
0.393595
0.394974
0.396342
0.397723
0.399104
0.400473
0.401858
0.403234
0.404619
0.406011
0.407408
0.408812
0.410217
0.411629
0.413031
0.41443
0.415854
0.417273
0.418696
0.420112
0.421535
0.422957
0.424389
0.425815
0.427263
0.428698
0.430137
0.431569
0.433002
0.434445
0.4359
0.437345
0.438812
0.440262
0.441722
0.443191
0.444664
0.446132
0.447607
0.449093
0.450569
0.452082
0.453566
0.455059
0.456553
0.458053
0.459564
0.461069
0.46258
0.464087
0.465605
0.467115
0.46863
0.470154
0.471678
0.473219
0.474746
0.476279
0.477819
0.47936
0.480892
0.482448
0.483993
0.485548
0.487096
0.488661
0.490227
0.491793
0.493357
0.494929
0.496513
0.498101
0.499694
0.501287
0.502877
0.504485
0.506094
0.507689
0.5093
0.510911
0.512529
0.514152
0.515772
0.517408
0.519045
0.520674
0.52231
0.523953
0.525602
0.527235
0.528896
0.530541
0.532204
0.533862
0.535506
0.53717
0.538841
0.540503
0.542188
0.543863
0.545549
0.547233
0.548925
0.550613
0.552315
0.554041
0.555746
0.557474
0.559204
0.560925
0.562641
0.564372
0.566092
0.567829
0.569558
0.571302
0.57306
0.574813
0.576568
0.578318
0.580073
0.581846
0.583628
0.585386
0.587165
0.588951
0.590746
0.592545
0.594331
0.596141
0.597959
0.599778
0.601595
0.603415
0.605234
0.607052
0.608887
0.610733
0.612563
0.614422
0.616266
0.618121
0.619975
0.621843
0.623712
0.625593
0.627476
0.629372
0.631267
0.633173
0.635081
0.636975
0.638874
0.640793
0.642719
0.644643
0.646561
0.648485
0.650432
0.652364
0.654306
0.656255
0.6582
0.66017
0.66214
0.6641
0.666066
0.668058
0.670064
0.672059
0.674038
0.676046
0.678043
0.680058
0.682077
0.684107
0.686151
0.688203
0.690239
0.692295
0.694356
0.696411
0.698484
0.700567
0.702637
0.704735
0.706801
0.708884
0.710976
0.713077
0.715199
0.717318
0.719431
0.721554
0.723703
0.725841
0.727995
0.73016
0.732305
0.73448
0.736653
0.738839
0.741005
0.74319
0.745382
0.747599
0.749823
0.752047
0.754268
0.75651
0.758723
0.760965
0.763187
0.765449
0.767707
0.769985
0.772264
0.774546
0.776812
0.779125
0.781416
0.783721
0.786028
0.788354
0.790681
0.793034
0.795382
0.797727
0.800083
0.802468
0.804827
0.807191
0.809573
0.811955
0.814354
0.816746
0.819131
0.821553
0.823976
0.826407
0.828855
0.831289
0.833752
0.836242
0.838732
0.841227
0.843739
0.846232
0.848757
0.851263
0.853775
0.856319
0.858881
0.861431
0.86401
0.866598
0.869178
0.871754
0.874354
0.876963
0.879582
0.882202
0.884839
0.887466
0.890107
0.892776
0.895457
0.898142
0.900846
0.903527
0.906226
0.90894
0.91167
0.914387
0.917139
0.9199
0.922688
0.92545
0.928247
0.931062
0.933887
0.9367
0.939515
0.942342
0.945167
0.948014
0.950897
0.953786
0.956675
0.959601
0.962494
0.965425
0.968391
0.971344
0.974295
0.977269
0.980229
0.983209
0.986197
0.989217
0.992234
0.995257
0.998293
1.00137
1.00445
1.00752
1.01062
1.01371
1.01681
1.01993
1.0231
1.02625
1.02941
1.03261
1.03583
1.03904
1.04224
1.04546
1.0487
1.05194
1.05522
1.0585
1.0618
1.06514
1.06844
1.0718
1.07513
1.07849
1.08186
1.08527
1.08865
1.09211
1.09556
1.09902
1.10251
1.10602
1.10953
1.11304
1.11656
1.12009
1.12362
1.12719
1.13078
1.1344
1.138
1.14161
1.14526
1.14895
1.15265
1.15633
1.16007
1.16378
1.1675
1.17128
1.17505
1.17882
1.18266
1.18645
1.19031
1.19421
1.19812
1.20198
1.20591
1.20985
1.21382
1.21778
1.22175
1.22576
1.2298
1.23387
1.23794
1.24202
1.24614
1.25024
1.25438
1.25859
1.26277
1.26697
1.2712
1.27546
1.27969
1.28397
1.28823
1.29255
1.29692
1.30127
1.30564
1.30997
1.31437
1.31882
1.32325
1.3277
1.33221
1.33673
1.34129
1.3459
1.35053
1.35513
1.35977
1.36441
1.3691
1.37378
1.37855
1.38332
1.38808
1.39287
1.39775
1.4026
1.40749
1.41241
1.41735
1.42233
1.42733
1.43233
1.43737
1.44245
1.44753
1.45266
1.45777
1.46291
1.46812
1.47331
1.47856
1.48384
1.48917
1.49451
1.49987
1.50533
1.51082
1.5163
1.52179
1.5273
1.5329
1.5385
1.54411
1.54977
1.55545
1.56119
1.56696
1.57272
1.57846
1.58431
1.59023
1.59615
1.60211
1.60809
1.61415
1.62028
1.62637
1.63255
1.63873
1.64488
1.65119
1.65747
1.66384
1.67016
1.67655
1.68301
1.68947
1.69599
1.70255
1.7092
1.71587
1.72253
1.72925
1.73607
1.74287
1.74976
1.75662
1.76361
1.77063
1.77774
1.78485
1.79199
1.79925
1.80648
1.81379
1.82116
1.82852
1.8359
1.84336
1.85096
1.85859
1.86623
1.87393
1.88166
1.8895
1.8974
1.90537
1.91334
1.92136
1.92949
1.9377
1.94593
1.95426
1.96262
1.97104
1.97949
1.98812
1.99675
2.00544
2.01422
2.02315
2.03201
2.04097
2.0501
2.05924
2.06844
2.07768
2.08697
2.09634
2.10578
2.11542
2.12514
2.13483
2.1446
2.15454
2.16452
2.17461
2.18476
2.19505
2.20546
2.21584
2.22638
2.23702
2.24779
2.25866
2.26962
2.28056
2.29171
2.30295
2.31436
2.32574
2.3373
2.349
2.36097
2.37298
2.38509
2.39728
2.40965
2.42205
2.43468
2.44743
2.4603
2.47342
2.48654
2.49987
2.51326
2.5268
2.54051
2.5543
2.56829
2.58264
2.597
2.61156
2.62641
2.64124
2.65645
2.67164
2.68709
2.70269
2.71854
2.73461
2.75088
2.76742
2.7842
2.80127
2.81838
2.83583
2.85326
2.8711
2.88921
2.90776
2.92646
2.94545
2.96462
2.9842
3.00425
3.02443
3.04497
3.06569
3.08674
3.10838
3.13037
3.15289
3.17561
3.19871
3.22205
3.24605
3.27042
3.29518
3.32078
3.34684
3.37333
3.40039
3.42809
3.45637
3.48518
3.51509
3.54524
3.57616
3.60798
3.64047
3.67353
3.70766
3.7425
3.77804
3.81499
3.85316
3.89219
3.93224
3.97378
4.01625
4.06032
4.10655
4.15315
4.20212
4.25275
4.30555
4.36075
4.41833
4.47803
4.54067
4.60585
4.67498
4.74786
4.82498
4.90617
4.9925
5.08495
5.18456
5.29187
5.40722
5.53286
5.67102
5.82476
5.99791
6.19777
6.42957
6.70867
7.05535
7.51947
8.21721
9.61419
