0.00508397
0.0102243
0.0154334
0.020627
0.0258643
0.031122
0.0364104
0.0417897
0.0471674
0.0525506
0.0580178
0.0635358
0.0690015
0.0745826
0.0802358
0.0858748
0.0915434
0.0972222
0.103014
0.108812
0.114752
0.120726
0.126681
0.132699
0.138752
0.144952
0.151135
0.157333
0.163604
0.169922
0.176257
0.182634
0.189057
0.195485
0.202124
0.208668
0.215302
0.22207
0.228823
0.23561
0.242473
0.249445
0.25646
0.263461
0.270568
0.277697
0.284955
0.292278
0.299655
0.30708
0.314563
0.322195
0.329815
0.337555
0.345355
0.353207
0.361125
0.369131
0.377275
0.38541
0.393674
0.401948
0.410353
0.41881
0.427348
0.435904
0.444627
0.453423
0.462362
0.471402
0.480569
0.489719
0.498983
0.508411
0.517901
0.527495
0.537169
0.546954
0.556845
0.56692
0.577117
0.58745
0.597811
0.608369
0.619014
0.629751
0.640584
0.651482
0.662653
0.673992
0.685461
0.696968
0.708662
0.720525
0.732633
0.744895
0.757242
0.769929
0.782622
0.795556
0.80863
0.821918
0.835498
0.849059
0.862987
0.877069
0.891274
0.905693
0.920486
0.935424
0.950406
0.965828
0.981578
0.997366
1.01353
1.02992
1.0467
1.06356
1.08068
1.09813
1.11592
1.13376
1.15222
1.17094
1.18981
1.20907
1.2286
1.24836
1.26855
1.28916
1.31007
1.33126
1.35289
1.37505
1.39715
1.41987
1.4428
1.4662
1.48979
1.51372
1.53827
1.56333
1.58844
1.6141
1.64
1.66655
1.69357
1.72074
1.74839
1.77661
1.80525
1.83413
1.86357
1.89343
1.92361
1.9545
1.98572
2.01776
2.04983
2.08242
2.11549
2.1493
2.1835
2.21818
2.25341
2.28922
2.32603
2.36332
2.40087
2.43852
2.47739
2.51649
2.55639
2.59709
2.63835
2.68015
2.72304
2.76639
2.8101
2.85418
2.89919
2.94528
2.99154
3.0387
3.0864
3.13516
3.18447
3.23481
3.28616
3.33778
3.39021
3.44354
3.49767
3.55252
3.60784
3.66511
3.72219
3.78046
3.83979
3.89963
3.96038
4.02236
4.08616
4.15054
4.21579
4.28181
4.34895
4.41689
4.48615
4.55674
4.62804
4.69998
4.77398
4.84888
4.92483
5.00126
5.07923
5.15849
5.23845
5.3204
5.40346
5.48742
5.57295
5.66096
5.74954
5.83878
5.92874
6.02085
6.11522
6.21023
6.30674
6.40424
6.50384
6.6046
6.70803
6.81275
6.91923
7.02658
7.13599
7.24779
7.36098
7.47602
7.59222
7.71014
7.8301
7.95173
8.0762
8.20202
8.33008
8.45917
8.59079
8.72446
8.86131
8.99932
9.14008
9.28146
9.42642
9.57338
9.72228
9.87421
10.0287
10.1861
10.3454
10.5076
10.6738
10.8402
11.01
11.1827
11.3582
11.5366
11.7181
11.9011
12.0885
12.2795
12.4727
12.6677
12.8665
13.0688
13.2744
13.4821
13.6932
13.9113
14.1304
14.3525
14.58
14.8104
15.0442
15.2837
15.5229
15.7656
16.0163
16.2693
16.5255
16.7887
17.0562
17.3242
17.5961
17.8758
18.1616
18.4504
18.7451
19.0436
19.3462
19.6546
19.966
20.2857
20.6074
20.9329
21.265
21.6085
21.954
22.3056
22.6614
23.027
23.3962
23.7742
24.1529
24.5415
24.9342
25.3326
25.74
26.1564
26.5796
27.0107
27.4489
27.8909
28.3418
28.8018
29.2728
29.7524
30.2359
30.7314
31.2332
31.7381
32.2536
32.7794
33.3193
33.8646
34.4173
34.9862
35.5601
36.1523
36.7564
37.369
37.9837
38.611
39.2487
39.8987
40.5677
41.2475
41.9404
42.641
43.357
44.0816
44.82
45.5777
46.3434
47.1332
47.9247
48.7366
49.5652
50.4039
51.2647
52.1428
53.0304
53.9362
54.8592
55.8061
56.7659
57.7438
58.7405
59.7678
60.8056
61.8689
62.9485
64.0501
65.1705
66.3036
67.4634
68.646
69.8606
71.1018
72.3626
73.6475
74.9546
76.2886
77.6504
79.0465
80.4645
81.9013
83.3838
84.8984
86.4344
88.0188
89.6195
91.2768
92.9616
94.6798
96.443
98.2235
100.053
101.924
103.853
105.806
107.814
109.865
111.939
114.08
116.254
118.467
120.744
123.079
125.463
127.905
130.4
132.969
135.592
138.259
140.983
143.789
146.687
149.652
152.685
155.796
158.98
162.254
165.612
169.037
172.544
176.157
179.881
183.674
187.569
191.567
195.653
199.878
204.219
208.672
213.247
217.969
222.826
227.839
233.009
238.357
243.829
249.441
255.241
261.24
267.365
273.714
280.273
287.04
294.019
301.241
308.685
316.428
324.384
332.688
341.324
350.26
359.496
369.091
378.976
389.36
400.138
411.342
423.121
435.238
447.909
461.124
474.919
489.439
504.57
520.376
536.973
554.398
572.877
592.479
613.337
635.281
658.704
683.451
709.941
738.273
768.574
801.213
836.508
875.181
917.61
964.484
1016.15
1074.44
1139.92
1215.57
1305.26
1413.04
1547.43
1728.37
1999.81
2541.3
