0.0025308
0.00507039
0.00759822
0.0101609
0.0127154
0.0153066
0.0178859
0.020494
0.0230869
0.0257009
0.0283288
0.0309752
0.0336208
0.0362621
0.0389067
0.0415529
0.0442273
0.0469023
0.0495787
0.0522775
0.0549995
0.0577163
0.060447
0.0632123
0.0659441
0.0686986
0.0714499
0.0742153
0.0770252
0.0798155
0.0826111
0.0854114
0.0882476
0.0910888
0.0939317
0.096793
0.0996577
0.102504
0.105398
0.108287
0.111199
0.114105
0.116998
0.119939
0.122877
0.125826
0.128767
0.131736
0.134722
0.137712
0.140711
0.143721
0.14675
0.149803
0.152864
0.15591
0.159009
0.162133
0.165238
0.168382
0.171503
0.174637
0.177797
0.180965
0.18415
0.187335
0.190557
0.193789
0.197021
0.200276
0.203554
0.206849
0.210151
0.213451
0.21676
0.220074
0.2234
0.226783
0.230133
0.233492
0.236897
0.240327
0.243778
0.247184
0.250607
0.254094
0.257579
0.261051
0.26455
0.26809
0.271629
0.275205
0.278761
0.282343
0.285926
0.289564
0.293209
0.296858
0.300525
0.304215
0.307898
0.311612
0.315335
0.319056
0.322836
0.326629
0.330423
0.334223
0.338064
0.341924
0.345787
0.349675
0.353588
0.357507
0.361443
0.365343
0.369319
0.373313
0.377309
0.381355
0.38541
0.389496
0.393619
0.397715
0.401841
0.405991
0.410175
0.414368
0.41855
0.422771
0.426994
0.431256
0.435604
0.439927
0.444204
0.448578
0.452939
0.457364
0.461769
0.46622
0.470681
0.475212
0.479716
0.484249
0.48883
0.493386
0.498032
0.502671
0.507343
0.512021
0.516738
0.521522
0.526303
0.531066
0.535852
0.54066
0.545531
0.550451
0.555416
0.560402
0.565353
0.570397
0.575479
0.580525
0.585613
0.590768
0.595931
0.601156
0.606334
0.611607
0.616855
0.622174
0.627544
0.632908
0.6383
0.643751
0.649166
0.654628
0.660134
0.665713
0.671319
0.676929
0.682635
0.688341
0.694076
0.699866
0.705703
0.711581
0.717547
0.72345
0.729358
0.735358
0.741436
0.747539
0.753677
0.759822
0.766053
0.772286
0.778589
0.784874
0.791257
0.797711
0.804213
0.810759
0.817328
0.82399
0.830659
0.837378
0.844156
0.851005
0.85784
0.864813
0.871763
0.878731
0.885832
0.892904
0.900006
0.907278
0.914547
0.921841
0.929201
0.936619
0.944088
0.951691
0.959297
0.967062
0.974822
0.982621
0.990538
0.998523
1.00657
1.01471
1.02282
1.03108
1.03933
1.04759
1.056
1.06443
1.07303
1.08164
1.09036
1.0991
1.10793
1.11687
1.1257
1.13473
1.14384
1.15298
1.16225
1.17161
1.18101
1.19046
1.20005
1.2097
1.21937
1.22916
1.23895
1.24886
1.25893
1.26905
1.27909
1.28931
1.29954
1.31
1.32047
1.33113
1.34175
1.35249
1.36332
1.37422
1.38531
1.39647
1.4077
1.41898
1.43038
1.44192
1.45346
1.46515
1.47699
1.4888
1.50065
1.51267
1.52476
1.53695
1.54932
1.56171
1.57421
1.5868
1.59955
1.61222
1.62515
1.63827
1.65127
1.66445
1.67768
1.69112
1.70458
1.71831
1.73204
1.74597
1.75992
1.77399
1.78815
1.8023
1.81672
1.8312
1.8458
1.86042
1.87513
1.89005
1.90503
1.92026
1.93563
1.951
1.96652
1.98206
1.99767
2.01362
2.02969
2.04585
2.06205
2.0785
2.09498
2.11152
2.12814
2.14502
2.162
2.17905
2.19628
2.21361
2.23107
2.24878
2.26649
2.28452
2.30252
2.32071
2.33891
2.35736
2.37588
2.39464
2.41356
2.43251
2.45158
2.47092
2.49034
2.50989
2.52973
2.54972
2.56986
2.5899
2.61051
2.63106
2.65169
2.67253
2.69343
2.71445
2.73566
2.75699
2.77862
2.8004
2.82233
2.84438
2.86652
2.88899
2.91178
2.93457
2.95772
2.98101
3.00436
3.02788
3.05161
3.07551
3.09961
3.12388
3.14795
3.17249
3.19736
3.22263
3.24787
3.27306
3.29856
3.32402
3.35
3.37626
3.4028
3.42946
3.45624
3.48299
3.51031
3.53748
3.56483
3.59274
3.62106
3.64904
3.67739
3.70602
3.73472
3.76381
3.79299
3.8227
3.85248
3.8823
3.91267
3.94313
3.97394
4.00519
4.03635
4.06766
4.09931
4.13126
4.16358
4.19602
4.2287
4.26162
4.2949
4.32808
4.36178
4.39576
4.42962
4.46402
4.49859
4.53345
4.56854
4.60421
4.6397
4.67568
4.71205
4.74864
4.78537
4.8223
4.85962
4.89751
4.93564
4.97396
5.01245
5.05122
5.09036
5.12987
5.16989
5.21016
5.25046
5.29127
5.33261
5.37416
5.41559
5.45753
5.49949
5.54232
5.58535
5.62857
5.672
5.71619
5.7603
5.80499
5.85006
5.89517
5.94098
5.98711
6.03326
6.07996
6.12693
6.17439
6.2217
6.27021
6.31888
6.36807
6.41752
6.46751
6.51812
6.56886
6.61931
6.67045
6.72238
6.77448
6.8269
6.87994
6.93351
6.98748
7.04147
7.09595
7.15046
7.20582
7.26165
7.31835
7.37514
7.43262
7.49044
7.54899
7.60745
7.6665
7.72597
7.78574
7.84604
7.90703
7.96842
8.03036
8.0925
8.15512
8.2182
8.28239
8.34596
8.41058
8.47599
8.54268
8.60927
8.67677
8.74437
8.812
8.88035
8.94962
9.01928
9.08938
9.15994
9.23133
9.30327
9.37578
9.44866
9.52195
9.59621
9.67084
9.74627
9.82189
9.89789
9.97456
10.0522
10.1298
10.2088
10.2881
10.3684
10.4488
10.5305
10.6131
10.6951
10.7785
10.8622
10.9464
11.0323
11.1186
11.2045
11.291
11.3789
11.4678
11.5569
11.6462
11.7375
11.8282
11.9211
12.0144
12.109
12.2041
12.299
12.3951
12.4917
12.5891
12.6884
12.7879
12.8883
12.9887
13.0904
13.1927
13.2961
13.3996
13.5045
13.6105
13.718
13.8254
13.9346
14.0442
14.1545
14.2662
14.3777
14.4912
14.6055
14.7197
14.8354
14.9514
15.0685
15.1876
15.3068
15.427
15.5487
15.6705
15.7944
15.9185
16.0452
16.1722
16.2999
16.4285
16.5588
16.6896
16.8222
16.9549
17.0891
17.2241
17.3609
17.4972
17.6345
17.7737
17.9137
18.0547
18.1985
18.3427
18.4896
18.6366
18.7835
18.9315
19.0821
19.2331
19.3858
19.5398
19.6949
19.8507
20.008
20.1676
20.327
20.4884
20.6524
20.8168
20.9823
21.1516
21.3206
21.4919
21.6638
21.8363
22.0107
22.1856
22.3621
22.5409
22.7203
22.9028
23.0855
23.2705
23.4584
23.646
23.8351
24.0266
24.2189
24.415
24.611
24.8092
25.0095
25.2115
25.4146
25.6186
25.8242
26.0324
26.2434
26.4581
26.6712
26.8875
27.106
27.3236
27.543
27.7648
27.9897
28.2159
28.4425
28.6729
28.906
29.142
29.3795
29.6205
29.8632
30.107
30.352
30.5993
30.8487
31.1
31.3523
31.6076
31.8655
32.125
32.3888
32.6552
32.923
33.1901
33.461
33.7344
34.0123
34.2915
34.5742
34.8581
35.146
35.4361
35.7302
36.0276
36.3235
36.6242
36.926
37.2311
37.5399
37.8509
38.1646
38.481
38.8016
39.1207
39.4463
39.7774
40.1086
40.4455
40.7839
41.1233
41.4664
41.8143
42.1655
42.5174
42.8739
43.231
43.5905
43.9568
44.3265
44.6977
45.0725
45.453
45.8372
46.2237
46.6157
47.0093
47.4083
47.8089
48.2133
48.6211
49.0323
49.4484
49.8713
50.2964
50.7183
51.1503
51.5864
52.0288
52.4722
52.9216
53.3769
53.8333
54.2934
54.7598
55.2296
55.7085
56.1909
56.6741
57.1604
57.6542
58.1526
58.6531
59.1613
59.6745
60.1941
60.7144
61.2439
61.7783
62.3146
62.8602
63.4128
63.9711
64.5331
65.0982
65.6735
66.2508
66.8362
67.4234
68.0169
68.6181
69.2258
69.8376
70.4581
71.0786
71.7113
72.3515
73.0015
73.6509
74.3106
74.9758
75.6468
76.3327
77.0187
77.7105
78.4077
79.1187
79.8339
80.5598
81.29
82.0241
82.7703
83.5245
84.2826
85.0537
85.8324
86.6248
87.4179
88.213
89.0233
89.8406
90.6609
91.4917
92.3295
93.1863
94.0488
94.9111
95.7927
96.6807
97.5745
98.4844
99.4114
100.34
101.279
102.22
103.182
104.156
105.142
106.136
107.147
108.166
109.186
110.217
111.269
112.332
113.404
114.487
115.584
116.688
117.806
118.941
120.092
121.263
122.436
123.621
124.829
126.045
127.282
128.527
129.775
131.045
132.343
133.645
134.974
136.311
137.667
139.031
140.418
141.826
143.239
144.68
146.139
147.606
149.105
150.618
152.156
153.695
155.262
156.855
158.465
160.105
161.775
163.446
165.145
166.842
168.555
170.32
172.118
173.908
175.751
177.603
179.475
181.392
183.331
185.27
187.259
189.284
191.333
193.381
195.458
197.575
199.735
201.922
204.141
206.392
208.693
210.994
213.354
215.728
218.128
220.577
223.055
225.578
228.137
230.735
233.37
236.034
238.721
241.483
244.269
247.124
250.014
252.952
255.951
258.974
262.064
265.201
268.39
271.597
274.859
278.178
281.542
284.986
288.461
292.01
295.608
299.318
303.074
306.903
310.73
314.622
318.623
322.697
326.814
331.023
335.29
339.638
344.124
348.633
353.233
357.935
362.729
367.608
372.635
377.719
382.886
388.179
393.582
399.046
404.658
410.369
416.22
422.147
428.275
434.454
440.82
447.36
454.034
460.857
467.861
475.036
482.333
489.868
497.503
505.307
513.319
521.515
529.954
538.734
547.591
556.714
566.094
575.819
585.73
595.915
606.434
617.206
628.294
639.714
651.568
663.815
676.516
689.619
703.167
717.103
731.493
746.526
761.995
777.971
794.623
812.02
830.305
849.235
869.164
889.958
911.607
934.308
958.089
983.293
1009.78
1038.25
1067.98
1099.48
1133.55
1169.81
1208.69
1250.9
1296.82
1347.48
1403.71
1466.1
1535.36
1615.03
1709.16
1822.26
1962.74
2149.05
2425.76
2969.75
