0.0733311
0.147271
0.221426
0.29492
0.369193
0.443351
0.518127
0.593068
0.668433
0.743555
0.818579
0.89352
0.968995
1.04412
1.12042
1.19595
1.27258
1.3492
1.42604
1.50202
1.57966
1.65758
1.73468
1.81151
1.88992
1.9676
2.04519
2.12308
2.20148
2.2799
2.35879
2.43801
2.51716
2.59644
2.67661
2.75642
2.83598
2.91552
2.99564
3.0755
3.15663
3.238
3.31931
3.40023
3.4812
3.5625
3.64459
3.72736
3.80931
3.89249
3.97535
4.05847
4.14141
4.22465
4.30917
4.39312
4.47729
4.56181
4.64599
4.73025
4.81513
4.90023
4.9863
5.07158
5.1579
5.24372
5.32971
5.41659
5.50221
5.58898
5.67613
5.76406
5.85191
5.94002
6.02896
6.1172
6.20608
6.29499
6.38393
6.47358
6.56355
6.65351
6.74303
6.83272
6.92342
7.01466
7.10671
7.19882
7.29021
7.38254
7.47425
7.56717
7.65968
7.75319
7.8459
7.93971
8.03381
8.12778
8.22227
8.31654
8.41185
8.50711
8.60238
8.69787
8.79394
8.8906
8.9865
9.08327
9.17993
9.27702
9.3752
9.47249
9.5712
9.67012
9.76815
9.86739
9.96638
10.067
10.1668
10.2667
10.3679
10.4688
10.5705
10.673
10.7749
10.877
10.9798
11.0839
11.1869
11.2907
11.3948
11.4988
11.6044
11.7103
11.8155
11.9207
12.0267
12.133
12.24
12.3473
12.455
12.5631
12.671
12.7791
12.8885
12.9979
13.107
13.2173
13.3273
13.438
13.5503
13.6618
13.7732
13.8857
13.9973
14.1096
14.2224
14.3357
14.4491
14.5632
14.6777
14.7935
14.9089
15.024
15.1398
15.2572
15.3749
15.4928
15.6104
15.7282
15.8478
15.9672
16.087
16.2074
16.3275
16.4487
16.5701
16.6922
16.8142
16.9367
17.0596
17.1833
17.3082
17.4325
17.557
17.6835
17.8099
17.9356
18.0625
18.1885
18.3172
18.447
18.5755
18.7047
18.8353
18.9665
19.0963
19.2285
19.361
19.4935
19.6269
19.7611
19.8956
20.0304
20.1654
20.3014
20.4379
20.5748
20.7128
20.8511
20.9909
21.1314
21.2719
21.4118
21.553
21.6955
21.8377
21.9796
22.1237
22.2676
22.4128
22.5589
22.7066
22.8542
23.001
23.1478
23.2973
23.4474
23.5963
23.7459
23.8967
24.049
24.2008
24.3534
24.5077
24.6617
24.8168
24.9742
25.1301
25.2882
25.4469
25.6052
25.7649
25.9257
26.0873
26.2512
26.4134
26.5768
26.741
26.9054
27.0728
27.2412
27.4092
27.578
27.7484
27.9194
28.0907
28.2634
28.436
28.6106
28.7868
28.9628
29.1395
29.317
29.4964
29.6747
29.8539
30.0344
30.2168
30.4011
30.5866
30.7737
30.9607
31.1489
31.3384
31.5294
31.7211
31.9121
32.1043
32.2992
32.4938
32.6894
32.8873
33.0861
33.2861
33.4865
33.69
33.8941
34.0999
34.3056
34.5123
34.7215
34.9303
35.1448
35.3559
35.5701
35.7868
36.0021
36.2211
36.4425
36.6611
36.8842
37.1103
37.334
37.5608
37.7896
38.019
38.2512
38.485
38.7201
38.9568
39.1964
39.4373
39.6798
39.9224
40.1674
40.4135
40.6627
40.9133
41.1647
41.418
41.6735
41.9327
42.195
42.4586
42.7219
42.9886
43.2547
43.5291
43.8015
44.0771
44.3573
44.6361
44.9194
45.2031
45.4895
45.7791
46.0723
46.368
46.6663
46.9691
47.2721
47.579
47.8873
48.1972
48.5123
48.828
49.148
49.4721
49.7977
50.1268
50.4571
50.7884
51.1238
51.4659
51.8109
52.1587
52.5103
52.8622
53.2193
53.5828
53.9518
54.3233
54.697
55.0774
55.4613
55.8464
56.2394
56.634
57.0329
57.4426
57.8542
58.2691
58.6907
59.1157
59.5481
59.9834
60.4251
60.8711
61.3263
61.7856
62.2497
62.7222
63.2014
63.6904
64.1844
64.6817
65.1921
65.7138
66.2366
66.7659
67.306
67.857
68.4165
68.9881
69.5637
70.1492
70.7427
71.3491
71.9706
72.5982
73.2345
73.8855
74.5522
75.2272
75.9144
76.6178
77.3397
78.0708
78.8189
79.5857
80.3718
81.1706
81.9888
82.8328
83.6989
84.5867
85.4872
86.4161
87.3715
88.3552
89.3573
90.3876
91.4549
92.5554
93.6994
94.8695
96.0818
97.3407
98.6534
99.993
101.393
102.842
104.344
105.921
107.539
109.229
110.984
112.812
114.693
116.67
118.712
120.848
123.079
125.416
127.813
130.358
133.015
135.761
138.645
141.65
144.804
148.097
151.549
155.162
158.965
162.902
167.056
171.465
176.086
180.983
186.137
191.562
197.27
203.263
209.72
216.501
223.774
231.449
239.719
248.528
258.065
268.337
279.371
291.391
304.46
318.79
334.484
351.722
370.865
392.081
415.619
441.842
471.59
505.076
543.697
588.34
641.044
702.609
776.037
864.951
974.938
1112.9
1292.51
1528.59
1852.56
2315.96
3016.4
4133.58
6245.54
