0.0812599
0.162608
0.243574
0.325125
0.406657
0.488866
0.570585
0.652859
0.734486
0.816267
0.898709
0.981013
1.06283
1.14524
1.2281
1.31075
1.39356
1.47697
1.55953
1.64304
1.72628
1.80945
1.89242
1.97578
2.05889
2.1427
2.22679
2.31061
2.39524
2.4799
2.56454
2.64826
2.73285
2.81775
2.90232
2.98693
3.07178
3.15684
3.24255
3.32769
3.41267
3.49753
3.58317
3.66876
3.75486
3.84099
3.92691
4.01282
4.09872
4.18508
4.27164
4.35823
4.44497
4.53124
4.61737
4.70431
4.79064
4.87796
4.96533
5.05256
5.14049
5.22815
5.31563
5.40309
5.49104
5.57953
5.66736
5.75649
5.84517
5.93349
6.02233
6.1106
6.19956
6.28921
6.37771
6.46693
6.55613
6.64468
6.73277
6.82284
6.91205
7.00189
7.09101
7.18049
7.27052
7.36113
7.4511
7.54087
7.63073
7.72158
7.81185
7.90233
7.9929
8.08422
8.17629
8.26615
8.35716
8.44828
8.53981
8.63141
8.72338
8.81616
8.90788
8.99941
9.09163
9.1835
9.27642
9.36991
9.46361
9.55622
9.64937
9.74321
9.83677
9.92932
10.0228
10.1164
10.2109
10.3047
10.3988
10.4923
10.5859
10.6801
10.7748
10.869
10.9629
11.0582
11.1538
11.2483
11.3435
11.4389
11.5349
11.6305
11.7261
11.822
11.9187
12.0139
12.1109
12.2073
12.3037
12.4003
12.497
12.5936
12.6902
12.7879
12.8855
12.9836
13.0809
13.1784
13.276
13.3751
13.4729
13.5709
13.6704
13.7689
13.8673
13.9665
14.0653
14.1643
14.2627
14.3626
14.4616
14.5615
14.6613
14.7624
14.863
14.9636
15.064
15.1646
15.2655
15.3665
15.4679
15.5689
15.6707
15.7716
15.8733
15.9754
16.0775
16.1799
16.2826
16.3848
16.487
16.5894
16.692
16.7948
16.8976
17.0018
17.1057
17.2097
17.3133
17.4167
17.5202
17.6249
17.7288
17.8338
17.9387
18.0443
18.1489
18.2532
18.3585
18.4636
18.5688
18.6744
18.78
18.8859
18.992
19.0982
19.2055
19.3128
19.4199
19.5272
19.6347
19.742
19.849
19.9568
20.0647
20.1726
20.2818
20.3895
20.4967
20.6059
20.7146
20.8239
20.9325
21.0413
21.151
21.2607
21.3705
21.4817
21.5914
21.7005
21.8103
21.9215
22.0325
22.1429
22.2545
22.3648
22.4765
22.5875
22.699
22.8118
22.9238
23.0363
23.1492
23.2621
23.374
23.4869
23.6001
23.7135
23.8274
23.9409
24.0542
24.1674
24.2814
24.3952
24.5108
24.6254
24.74
24.8559
24.9712
25.0873
25.2041
25.3193
25.4352
25.5509
25.6669
25.7835
25.8998
26.0162
26.1325
26.2504
26.3688
26.4879
26.6063
26.7245
26.8441
26.9635
27.0827
27.2011
27.3196
27.4391
27.5587
27.6787
27.7987
27.9201
28.0409
28.1607
28.2817
28.403
28.5244
28.6461
28.7681
28.89
29.0107
29.1334
29.2563
29.3788
29.5018
29.6253
29.7494
29.8734
29.9968
30.1198
30.2441
30.3688
30.4936
30.6178
30.7433
30.8682
30.9934
31.1187
31.244
31.3696
31.4957
31.6215
31.7481
31.8746
32.0017
32.1295
32.2576
32.3856
32.5128
32.6406
32.7688
32.8972
33.0257
33.1539
33.2822
33.4113
33.5415
33.6715
33.801
33.9302
34.0605
34.1917
34.3231
34.4554
34.5866
34.7178
34.8501
34.9828
35.1153
35.2475
35.3802
35.514
35.6473
35.7801
35.914
36.0476
36.1816
36.3171
36.4519
36.5874
36.7218
36.8566
36.9919
37.1277
37.2636
37.4002
37.5373
37.6754
37.8126
37.9504
38.0891
38.2267
38.3652
38.5051
38.6432
38.7833
38.9228
39.0627
39.2022
39.3446
39.484
39.6245
39.7655
39.9059
40.0485
40.1906
40.3335
40.4767
40.6192
40.7633
40.9053
41.0489
41.1928
41.3369
41.4823
41.627
41.7721
41.9163
42.0618
42.2079
42.3537
42.4999
42.648
42.7948
42.9419
43.0895
43.2384
43.387
43.5356
43.6842
43.8331
43.9822
44.1324
44.2829
44.4339
44.5848
44.7371
44.887
45.0387
45.1899
45.3434
45.495
45.6472
45.7993
45.9511
46.1052
46.2592
46.4134
46.5688
46.7254
46.8803
47.0358
47.1914
47.3482
47.504
47.6614
47.8177
47.9754
48.1324
48.2902
48.447
48.6052
48.7646
48.9243
49.084
49.2437
49.4039
49.5651
49.7266
49.8873
50.0497
50.2126
50.3757
50.5396
50.7025
50.8654
51.0317
51.1966
51.3621
51.5281
51.6948
51.8609
52.028
52.1957
52.3634
52.5311
52.6987
52.8681
53.0368
53.2051
53.3756
53.5444
53.7152
53.8859
54.0593
54.2306
54.4032
54.5754
54.748
54.9214
55.0955
55.2692
55.4429
55.6183
55.7939
55.97
56.1456
56.3215
56.5002
56.6774
56.8549
57.0331
57.2121
57.39
57.5702
57.7516
57.932
58.1122
58.2924
58.4751
58.6587
58.842
59.0242
59.2074
59.3914
59.5757
59.7604
59.9473
60.133
60.3184
60.5054
60.6916
60.8802
61.0693
61.259
61.4497
61.6382
61.8271
62.0165
62.2083
62.3998
62.5927
62.7861
62.9803
63.174
63.3683
63.5628
63.7566
63.9535
64.1502
64.3464
64.5424
64.7402
64.9375
65.136
65.3367
65.5363
65.7376
65.938
66.1403
66.3417
66.5443
66.7463
66.9494
67.1531
67.3595
67.5638
67.7684
67.9727
68.1797
68.3868
68.595
68.8043
69.0127
69.2207
69.4316
69.6436
69.8541
70.0672
70.2808
70.4956
70.7096
70.9242
71.1405
71.3549
71.569
71.7849
72.0012
72.2204
72.439
72.66
72.881
73.1011
73.3229
73.5445
73.768
73.9906
74.2133
74.4379
74.6622
74.8882
75.1174
75.3434
75.5714
75.802
76.0309
76.2615
76.4915
76.7202
76.9538
77.1864
77.4182
77.6529
77.8882
78.123
78.3589
78.5948
78.833
79.072
79.3105
79.5512
79.7916
80.0317
80.2738
80.5167
80.7606
81.0055
81.2506
81.4979
81.7464
81.9937
82.2412
82.4895
82.7428
82.9932
83.2458
83.5009
83.7538
84.0055
84.2596
84.5142
84.7711
85.0287
85.2864
85.5444
85.8036
86.0656
86.3284
86.5907
86.8554
87.1201
87.3853
87.6499
87.9199
88.1908
88.4594
88.7274
89.0001
89.2755
89.5495
89.8235
90.0994
90.3738
90.65
90.9273
91.2087
91.489
91.7732
92.054
92.3365
92.6221
92.9082
93.1945
93.4824
93.7722
94.0633
94.3527
94.6434
94.9374
95.2321
95.5268
95.8254
96.1222
96.4199
96.7216
97.0211
97.3251
97.6275
97.932
98.2357
98.5442
98.8545
99.1647
99.4775
99.7905
100.107
100.422
100.738
101.053
101.367
101.687
102.008
102.331
102.652
102.976
103.3
103.626
103.957
104.286
104.619
104.951
105.287
105.622
105.96
106.3
106.639
106.984
107.326
107.671
108.018
108.365
108.711
109.058
109.409
109.762
110.12
110.476
110.833
111.191
111.549
111.911
112.273
112.643
113.01
113.382
113.753
114.125
114.498
114.873
115.25
115.63
116.012
116.396
116.778
117.163
117.552
117.942
118.335
118.725
119.114
119.509
119.912
120.317
120.721
121.124
121.53
121.939
122.349
122.76
123.173
123.585
124.005
124.428
124.847
125.272
125.695
126.123
126.554
126.986
127.419
127.853
128.292
128.733
129.174
129.62
130.065
130.512
130.961
131.413
131.868
132.326
132.782
133.248
133.714
134.181
134.65
135.121
135.593
136.07
136.548
137.029
137.514
138
138.489
138.98
139.475
139.975
140.476
140.975
141.483
141.99
142.5
143.012
143.53
144.05
144.573
145.098
145.624
146.153
146.686
147.222
147.763
148.303
148.848
149.396
149.95
150.505
151.062
151.621
152.182
152.75
153.324
153.898
154.476
155.053
155.637
156.227
156.817
157.412
158.011
158.607
159.215
159.825
160.441
161.058
161.684
162.304
162.933
163.568
164.209
164.852
165.499
166.15
166.795
167.454
168.114
168.784
169.449
170.118
170.794
171.474
172.164
172.858
173.549
174.253
174.959
175.67
176.378
177.095
177.821
178.55
179.288
180.023
180.767
181.512
182.265
183.021
183.788
184.559
185.334
186.11
186.891
187.681
188.483
189.292
190.103
190.917
191.74
192.565
193.398
194.242
195.091
195.946
196.804
197.671
198.547
199.428
200.317
201.208
202.111
203.02
203.937
204.86
205.783
206.716
207.67
208.628
209.594
210.563
211.543
212.536
213.531
214.536
215.548
216.572
217.604
218.652
219.701
220.758
221.828
222.917
224.018
225.11
226.226
227.354
228.475
229.62
230.779
231.944
233.119
234.309
235.524
236.739
237.974
239.216
240.469
241.734
243.025
244.318
245.623
246.956
248.299
249.653
251.025
252.404
253.807
255.226
256.666
258.114
259.581
261.071
262.566
264.096
265.644
267.213
268.788
270.402
272.026
273.671
275.326
277.021
278.733
280.482
282.249
284.057
285.876
287.704
289.59
291.491
293.415
295.382
297.36
299.393
301.438
303.54
305.664
307.827
310.008
312.253
314.517
316.822
319.17
321.561
323.974
326.47
329.035
331.621
334.265
336.985
339.731
342.54
345.409
348.345
351.345
354.422
357.57
360.798
364.12
367.538
370.987
374.569
378.263
382.068
385.946
389.968
394.115
398.376
402.808
407.396
412.116
417.013
422.132
427.454
432.982
438.681
444.613
450.892
457.421
464.324
471.576
479.242
487.355
495.992
505.192
515.087
525.733
537.318
549.929
563.803
579.095
596.48
616.325
639.401
667.118
702.146
748.35
817.963
958.468
