12.3094
15.018
16.7814
18.1575
19.31
20.3152
21.212
22.0216
22.7731
23.4761
24.1397
24.7617
25.3604
25.9244
26.4704
26.9916
27.4989
27.9894
28.4641
28.925
29.3754
29.8101
30.2354
30.6505
31.0567
31.4567
31.8492
32.2311
32.6101
32.9811
33.346
33.7037
34.0613
34.408
34.7518
35.0913
35.4262
35.7569
36.0834
36.405
36.724
37.0375
37.351
37.66
37.9636
38.266
38.566
38.8649
39.1596
39.4528
39.7422
40.0319
40.3152
40.5984
40.8758
41.1532
41.4299
41.7038
41.9783
42.2474
42.5164
42.7835
43.0466
43.312
43.5735
43.8327
44.0943
44.3535
44.6096
44.8669
45.1236
45.3768
45.6296
45.8813
46.1331
46.3832
46.6314
46.8769
47.1223
47.3681
47.6124
47.8565
48.0971
48.3392
48.5822
48.8218
49.0604
49.2996
49.5357
49.7734
50.0106
50.2451
50.48
50.7133
50.9466
51.1794
51.4134
51.6456
51.8754
52.1059
52.3348
52.5653
52.793
53.0214
53.2489
53.4755
53.703
53.9303
54.1583
54.3858
54.6117
54.8352
55.0607
55.2854
55.5113
55.7343
55.9585
56.1829
56.4046
56.6271
56.8494
57.0714
57.2925
57.5144
57.7353
57.9569
58.1769
58.3967
58.6163
58.8339
59.0565
59.2775
59.4966
59.7152
59.9331
60.1511
60.3685
60.5865
60.8045
61.0214
61.241
61.4591
61.676
61.8953
62.1153
62.3318
62.5503
62.7666
62.9859
63.204
63.4213
63.6383
63.8552
64.0728
64.2917
64.5097
64.7265
64.9436
65.1635
65.3813
65.6008
65.8197
66.037
66.256
66.4755
66.6944
66.9122
67.1296
67.3473
67.5653
67.7823
68.0016
68.2213
68.4382
68.6554
68.8743
69.0926
69.3111
69.5315
69.7502
69.9717
70.1919
70.4105
70.6311
70.85
71.0703
71.2927
71.5128
71.7357
71.9569
72.1786
72.4003
72.6205
72.8424
73.064
73.2859
73.5098
73.7335
73.9591
74.1809
74.4041
74.6263
74.851
75.0782
75.3033
75.5289
75.7542
75.9799
76.2054
76.4312
76.657
76.8844
77.1098
77.3386
77.5662
77.7936
78.0231
78.2529
78.4833
78.7144
78.9444
79.1768
79.4083
79.64
79.8734
80.1065
80.3379
80.5716
80.8058
81.0403
81.2748
81.5102
81.7469
81.9829
82.2167
82.4534
82.6904
82.9265
83.1637
83.4026
83.6426
83.8832
84.124
84.3652
84.6074
84.8504
85.0939
85.3397
85.5843
85.8279
86.0703
86.3174
86.563
86.8118
87.0593
87.308
87.5584
87.8092
88.0595
88.3094
88.561
88.8127
89.0656
89.3201
89.5742
89.8291
90.0842
90.3416
90.5978
90.8557
91.1141
91.3737
91.6356
91.8955
92.1579
92.4236
92.687
92.9513
93.2171
93.4836
93.7512
94.0201
94.2899
94.5587
94.8304
95.1026
95.3759
95.6482
95.9237
96.1981
96.4773
96.7561
97.0379
97.3186
97.6002
97.8809
98.1621
98.446
98.7303
99.0169
99.3053
99.594
99.8807
100.169
100.461
100.756
101.05
101.348
101.645
101.942
102.242
102.543
102.846
103.15
103.457
103.765
104.072
104.379
104.69
105.001
105.312
105.627
105.943
106.26
106.581
106.902
107.226
107.55
107.876
108.203
108.531
108.863
109.202
109.538
109.875
110.215
110.551
110.894
111.237
111.584
111.931
112.284
112.635
112.988
113.347
113.708
114.064
114.427
114.792
115.157
115.527
115.9
116.27
116.648
117.028
117.41
117.791
118.176
118.569
118.962
119.354
119.751
120.152
120.555
120.962
121.371
121.785
122.204
122.621
123.04
123.465
123.892
124.322
124.754
125.194
125.636
126.083
126.532
126.985
127.446
127.899
128.366
128.832
129.306
129.783
130.264
130.75
131.239
131.735
132.233
132.737
133.247
133.754
134.272
134.795
135.323
135.854
136.389
136.936
137.485
138.041
138.6
139.168
139.744
140.32
140.907
141.502
142.102
142.71
143.328
143.952
144.584
145.219
145.864
146.515
147.177
147.842
148.518
149.206
149.897
150.606
151.324
152.057
152.802
153.54
154.297
155.066
155.839
156.627
157.428
158.243
159.071
159.917
160.769
161.638
162.53
163.429
164.347
165.274
166.221
167.184
168.178
169.175
170.201
171.239
172.301
173.382
174.486
175.613
176.766
177.941
179.134
180.372
181.638
182.931
184.252
185.602
186.98
188.402
189.885
191.374
192.918
194.494
196.118
197.793
199.502
201.284
203.111
205.014
206.957
208.985
211.071
213.259
215.525
217.86
220.315
222.842
225.512
228.297
231.215
234.31
237.511
240.931
244.546
248.393
252.474
256.831
261.521
266.656
272.245
278.338
285.14
292.753
301.418
311.479
323.43
338.27
357.808
386.485
441.17
