0.0368474
0.0739798
0.110473
0.147635
0.184645
0.221725
0.259081
0.296262
0.333485
0.370941
0.408268
0.445301
0.482437
0.519845
0.556966
0.594312
0.631869
0.669361
0.706918
0.744481
0.781879
0.819765
0.857436
0.895221
0.93293
0.970841
1.00851
1.04663
1.0847
1.12257
1.16064
1.19863
1.23694
1.27514
1.31338
1.35179
1.39005
1.4283
1.46668
1.505
1.54331
1.58186
1.62063
1.65907
1.69767
1.73625
1.77489
1.81344
1.85218
1.89129
1.93005
1.96861
2.00789
2.04697
2.08608
2.12529
2.16463
2.20367
2.24279
2.28176
2.32139
2.36099
2.40071
2.44071
2.48042
2.51982
2.55961
2.59932
2.63912
2.67924
2.71904
2.75913
2.79904
2.83918
2.8792
2.91922
2.95897
2.99876
3.03886
3.07923
3.11987
3.16045
3.20072
3.24142
3.28221
3.32307
3.36363
3.40437
3.4453
3.48609
3.52699
3.56782
3.60949
3.65043
3.69149
3.73281
3.77376
3.81485
3.85639
3.89768
3.93917
3.9806
4.02216
4.06341
4.10498
4.14679
4.18829
4.23025
4.27225
4.31417
4.3564
4.39793
4.43987
4.48195
4.52423
4.56628
4.60843
4.65071
4.69301
4.73534
4.77784
4.82042
4.8631
4.9054
4.94788
4.99037
5.03364
5.07667
5.11987
5.16341
5.20679
5.24974
5.29299
5.3362
5.37994
5.42317
5.46723
5.51091
5.55465
5.59799
5.64196
5.68573
5.72888
5.77274
5.81674
5.86069
5.90456
5.94843
5.99237
6.03697
6.0812
6.12554
6.16984
6.21449
6.25898
6.30359
6.34823
6.39305
6.4379
6.48261
6.52774
6.57207
6.61676
6.66208
6.70735
6.75284
6.79775
6.84344
6.88869
6.93425
6.97963
7.02521
7.07086
7.11637
7.16221
7.20794
7.25367
7.2998
7.34581
7.39175
7.43795
7.484
7.53042
7.57682
7.62329
7.66973
7.71594
7.76229
7.80938
7.8563
7.90308
7.94982
7.99651
8.04348
8.09077
8.138
8.18489
8.23187
8.27962
8.32705
8.37423
8.42165
8.46928
8.51666
8.5643
8.61161
8.65945
8.70756
8.75591
8.80403
8.8523
8.9007
8.94916
8.99756
9.046
9.09417
9.14244
9.19104
9.23995
9.28865
9.33743
9.38654
9.43514
9.48436
9.53355
9.58255
9.63209
9.68152
9.73083
9.78012
9.82963
9.87921
9.92926
9.97905
10.029
10.0786
10.1286
10.1787
10.2291
10.2799
10.3307
10.3813
10.4318
10.4827
10.5332
10.584
10.635
10.6864
10.7371
10.7885
10.8391
10.8902
10.9412
10.9925
11.0439
11.0953
11.1468
11.1987
11.2506
11.3025
11.3545
11.4065
11.4585
11.5104
11.5624
11.6144
11.667
11.7195
11.772
11.8249
11.8775
11.93
11.9829
12.0359
12.0883
12.1416
12.1948
12.2482
12.3013
12.355
12.4088
12.4629
12.5167
12.5709
12.6249
12.6792
12.7334
12.7877
12.842
12.8964
12.9512
13.006
13.0607
13.1157
13.1706
13.2257
13.2803
13.3351
13.3905
13.4459
13.5012
13.557
13.6126
13.6685
13.7241
13.78
13.836
13.8916
13.9479
14.0038
14.0607
14.117
14.1734
14.2304
14.2871
14.3438
14.4005
14.4573
14.5142
14.5711
14.6286
14.6861
14.7442
14.8022
14.8602
14.9183
14.9756
15.0341
15.0927
15.1513
15.2095
15.268
15.3267
15.3854
15.4442
15.5031
15.5621
15.6211
15.6807
15.7402
15.7996
15.8586
15.9179
15.9774
16.0368
16.0971
16.1579
16.2183
16.2784
16.3397
16.4
16.4597
16.5209
16.5817
16.6421
16.703
16.7644
16.8254
16.8868
16.9484
17.0104
17.0727
17.1347
17.1965
17.2591
17.3219
17.3839
17.4461
17.5089
17.5716
17.6345
17.6976
17.7605
17.8237
17.8868
17.9503
18.0138
18.0774
18.141
18.2048
18.269
18.3336
18.3983
18.463
18.5283
18.5929
18.658
18.7236
18.7886
18.8537
18.919
18.9841
19.05
19.1153
19.1809
19.2477
19.313
19.3792
19.4454
19.5122
19.5784
19.6448
19.7119
19.779
19.8466
19.9137
19.9811
20.0487
20.1163
20.1837
20.2516
20.3197
20.3884
20.4568
20.5255
20.5939
20.6625
20.7318
20.8012
20.8698
20.9398
21.0093
21.0792
21.149
21.2188
21.2889
21.3589
21.4296
21.5
21.5704
21.6414
21.7126
21.7839
21.8555
21.9262
21.9974
22.0692
22.1409
22.2131
22.2856
22.3579
22.4308
22.5037
22.577
22.6502
22.7239
22.7973
22.8707
22.9443
23.017
23.0914
23.1662
23.2408
23.3147
23.3894
23.4645
23.5393
23.6147
23.6911
23.7665
23.8416
23.9175
23.9937
24.0701
24.1465
24.2228
24.2997
24.3769
24.4541
24.5315
24.6083
24.6851
24.7635
24.8414
24.9188
24.9967
25.0758
25.1547
25.2329
25.3117
25.3907
25.4706
25.5503
25.63
25.7094
25.7898
25.8702
25.9507
26.0318
26.1127
26.1938
26.2755
26.3569
26.4383
26.5201
26.6017
26.6846
26.7672
26.8508
26.933
27.015
27.0985
27.1824
27.266
27.3505
27.4346
27.5189
27.6035
27.6882
27.7741
27.8591
27.9452
28.0308
28.1168
28.2027
28.2891
28.3755
28.4622
28.5497
28.6367
28.7246
28.8129
28.9008
28.9883
29.0768
29.1653
29.254
29.3435
29.4325
29.5228
29.6124
29.7021
29.7924
29.8837
29.9743
30.0643
30.1566
30.2482
30.3398
30.4317
30.5236
30.6161
30.7096
30.8033
30.8969
30.9906
31.0844
31.1781
31.2725
31.3662
31.4616
31.557
31.6529
31.7482
31.8448
31.9409
32.0384
32.1347
32.2318
32.33
32.4273
32.5245
32.6233
32.7217
32.8207
32.9211
33.0203
33.1201
33.2197
33.3198
33.421
33.5213
33.6228
33.7234
33.8259
33.9274
34.0298
34.1327
34.2361
34.3396
34.4434
34.5468
34.651
34.7555
34.8598
34.9644
35.0703
35.1764
35.2828
35.3888
35.4959
35.6042
35.7112
35.8197
35.9285
36.0367
36.1458
36.2566
36.3668
36.4778
36.5889
36.6999
36.8113
36.9229
37.0353
37.1471
37.2593
37.3735
37.4871
37.6003
37.7143
37.8292
37.9449
38.0608
38.1759
38.2924
38.4095
38.5267
38.6441
38.7621
38.8805
38.9991
39.1183
39.2376
39.3576
39.4766
39.5976
39.7199
39.8417
39.9649
40.0878
40.2096
40.3329
40.457
40.5822
40.706
40.8311
40.9562
41.082
41.21
41.3374
41.4651
41.5934
41.7215
41.8498
41.9796
42.1104
42.2402
42.372
42.5032
42.6357
42.77
42.9042
43.0387
43.1739
43.3089
43.4443
43.5809
43.7173
43.8545
43.9921
44.131
44.2706
44.4092
44.548
44.6872
44.8279
44.969
45.1113
45.2549
45.3997
45.5454
45.6895
45.835
45.981
46.1278
46.2747
46.4231
46.5708
46.7197
46.87
47.0207
47.1723
47.3225
47.4753
47.6288
47.7828
47.9375
48.0935
48.2489
48.4039
48.5608
48.7187
48.8786
49.0376
49.1978
49.3588
49.5201
49.682
49.8463
50.0104
50.1752
50.341
50.5089
50.6768
50.8461
51.0149
51.1866
51.3589
51.5303
51.7026
51.8742
52.0486
52.2237
52.3984
52.5741
52.7505
52.9293
53.1082
53.2876
53.4693
53.6528
53.8368
54.0224
54.2084
54.3934
54.5821
54.7703
54.9577
55.1485
55.3393
55.5313
55.7245
55.9193
56.116
56.3144
56.5145
56.7127
56.9127
57.1128
57.3155
57.5197
57.7261
57.9323
58.1398
58.3494
58.5582
58.769
58.9803
59.1936
59.4077
59.6253
59.8429
60.0632
60.2846
60.5068
60.7311
60.959
61.1858
61.4161
61.6479
61.8781
62.1116
62.3476
62.5841
62.8207
63.0595
63.3006
63.5445
63.7891
64.0346
64.2812
64.5325
64.7845
65.0367
65.2937
65.552
65.8096
66.0713
66.3351
66.5999
66.8679
67.1361
67.4077
67.6822
67.9586
68.2366
68.5164
68.7993
69.0836
69.3707
69.6601
69.954
70.2477
70.5455
70.8472
71.1491
71.4551
71.7608
72.0705
72.3834
72.7017
73.0183
73.3405
73.6683
73.9971
74.3317
74.6649
75.0039
75.3439
75.6899
76.0399
76.3909
76.7437
77.1069
77.4681
77.8304
78.2006
78.5761
78.9553
79.3399
79.7217
80.1102
80.5007
80.8987
81.3007
81.71
82.1215
82.5388
82.9623
83.3905
83.8243
84.2692
84.7115
85.1627
85.6235
86.0878
86.5544
87.0292
87.5118
88.0031
88.5021
89.0054
89.5191
90.0325
90.5543
91.0869
91.6266
92.1742
92.7333
93.3024
93.8763
94.4671
95.0567
95.6617
96.2753
96.8955
97.5277
98.1737
98.8282
99.4969
100.175
100.873
101.578
102.301
103.042
103.789
104.547
105.329
106.124
106.924
107.747
108.582
109.432
110.303
111.191
112.104
113.028
113.972
114.943
115.929
116.941
117.966
119.017
120.086
121.177
122.286
123.425
124.59
125.781
126.99
128.22
129.48
130.782
132.101
133.456
134.85
136.264
137.71
139.183
140.708
142.245
143.824
145.427
147.073
148.763
150.486
152.26
154.075
155.932
157.837
159.785
161.767
163.795
165.888
168.042
170.233
172.503
174.811
177.177
179.605
182.106
184.666
187.306
189.987
192.788
195.634
198.579
201.626
204.722
207.919
211.207
214.605
218.116
221.742
225.476
229.346
233.349
237.47
241.766
246.176
250.742
255.523
260.525
265.707
271.073
276.639
282.408
288.468
294.737
301.27
308.123
315.243
322.758
330.667
338.954
347.596
356.773
366.291
376.353
386.939
398.144
410.001
422.532
435.888
449.935
464.944
480.907
497.855
516.158
535.64
556.602
579.129
603.645
630.162
658.658
690.112
724.355
761.55
802.335
847.726
897.345
952.787
1015.32
1085.1
1164.13
1253.57
1356.18
1475.76
1613.24
1775.4
1965.87
2195.03
2469.1
2807.02
3226.96
3747.91
4423.51
5362.18
7021.82
