0.000360175
0.000721439
0.00108247
0.00144086
0.00180349
0.00215979
0.00251926
0.00288325
0.00324654
0.00360623
0.00397194
0.00433325
0.00469752
0.00506384
0.00542853
0.00579294
0.00616048
0.00652769
0.00689499
0.00726262
0.00762635
0.00799565
0.00836061
0.00872859
0.00909788
0.00946144
0.00982888
0.0101967
0.010564
0.0109345
0.0113038
0.0116773
0.0120507
0.0124194
0.0127939
0.0131674
0.0135401
0.0139145
0.0142872
0.0146636
0.0150404
0.0154159
0.0157924
0.0161677
0.0165484
0.0169241
0.0173033
0.0176822
0.0180613
0.0184394
0.0188189
0.0191999
0.0195818
0.0199644
0.0203436
0.0207281
0.0211106
0.021492
0.021875
0.0222569
0.0226405
0.0230259
0.0234094
0.0237923
0.0241776
0.024563
0.0249475
0.0253357
0.0257242
0.026114
0.0265045
0.0268955
0.0272871
0.0276753
0.0280688
0.0284612
0.0288515
0.0292439
0.0296389
0.0300278
0.0304203
0.0308148
0.0312102
0.0316026
0.0319991
0.0323944
0.0327903
0.0331865
0.0335846
0.0339822
0.0343817
0.034784
0.0351835
0.0355825
0.0359854
0.0363871
0.0367896
0.0371894
0.0375903
0.0379896
0.03839
0.038792
0.0392003
0.0396061
0.0400097
0.0404205
0.0408273
0.0412341
0.0416439
0.0420543
0.0424636
0.042875
0.0432835
0.0436923
0.0441041
0.0445162
0.0449274
0.0453373
0.045751
0.0461612
0.0465713
0.046986
0.0474046
0.0478192
0.048233
0.0486493
0.049067
0.0494865
0.0499026
0.0503209
0.0507422
0.0511612
0.051578
0.0519988
0.0524224
0.0528437
0.053267
0.0536911
0.0541105
0.0545336
0.0549553
0.0553871
0.0558144
0.0562399
0.0566672
0.0570952
0.0575221
0.0579497
0.0583772
0.0588056
0.0592362
0.0596628
0.0600958
0.0605273
0.0609574
0.0613936
0.0618292
0.0622629
0.062692
0.0631266
0.0635637
0.064003
0.0644372
0.0648747
0.0653106
0.0657491
0.0661877
0.0666234
0.0670627
0.0675047
0.0679443
0.0683872
0.0688283
0.0692711
0.0697116
0.0701558
0.0706033
0.0710517
0.0714961
0.071941
0.072388
0.0728358
0.073284
0.0737358
0.0741855
0.0746345
0.0750875
0.0755405
0.0759917
0.0764455
0.0768952
0.0773485
0.0778033
0.0782589
0.078716
0.0791684
0.0796258
0.0800869
0.0805472
0.0810028
0.0814616
0.0819212
0.0823837
0.0828462
0.0833074
0.0837709
0.0842336
0.0846971
0.0851596
0.0856308
0.0860964
0.0865625
0.0870317
0.087499
0.0879722
0.0884421
0.0889134
0.0893856
0.0898543
0.0903245
0.0907972
0.0912683
0.0917466
0.092219
0.0927
0.0931725
0.0936484
0.0941261
0.0946033
0.0950837
0.0955655
0.0960461
0.0965276
0.0970104
0.0974985
0.0979841
0.09847
0.0989568
0.0994427
0.0999249
0.100408
0.100901
0.101393
0.101884
0.102368
0.102862
0.103356
0.103846
0.104338
0.104829
0.105329
0.105827
0.106327
0.106825
0.10732
0.107816
0.108313
0.108814
0.109315
0.109815
0.110318
0.110821
0.111327
0.11183
0.112337
0.112844
0.113349
0.113855
0.114368
0.114874
0.115386
0.115893
0.116408
0.11692
0.117434
0.11795
0.118468
0.118983
0.119498
0.120014
0.120535
0.121054
0.121573
0.122092
0.122617
0.123137
0.123661
0.124182
0.124703
0.125232
0.125756
0.126281
0.126816
0.127344
0.127875
0.128406
0.128936
0.12947
0.130009
0.130546
0.131083
0.131621
0.132152
0.132688
0.133226
0.133762
0.134303
0.134843
0.135387
0.135933
0.136478
0.137023
0.137574
0.138121
0.138664
0.139213
0.139763
0.140315
0.140865
0.141415
0.14197
0.142522
0.143078
0.143631
0.144189
0.144747
0.145309
0.145869
0.146427
0.146986
0.147543
0.148105
0.148667
0.149232
0.149799
0.150367
0.150936
0.15151
0.152079
0.15265
0.153224
0.153799
0.154377
0.15495
0.155526
0.156101
0.156679
0.157254
0.157832
0.158416
0.159001
0.159583
0.160165
0.160749
0.161334
0.161924
0.162513
0.163099
0.163694
0.164284
0.164878
0.165471
0.166062
0.166659
0.167255
0.167854
0.168453
0.169052
0.169658
0.170256
0.170856
0.171462
0.17207
0.172679
0.173294
0.173901
0.174513
0.17512
0.175735
0.17635
0.176963
0.17758
0.178194
0.178811
0.179426
0.180047
0.180665
0.181284
0.181904
0.182532
0.183157
0.183784
0.184411
0.185043
0.185677
0.186309
0.186945
0.187575
0.18821
0.188847
0.189483
0.190122
0.190763
0.1914
0.192046
0.192695
0.193341
0.193984
0.19463
0.195277
0.195932
0.196584
0.197238
0.197896
0.198556
0.199219
0.199877
0.200537
0.201202
0.201864
0.202525
0.203196
0.203868
0.204536
0.205206
0.205875
0.206546
0.207218
0.20789
0.208566
0.209241
0.209919
0.2106
0.211277
0.211966
0.212649
0.213338
0.214029
0.214717
0.215403
0.216092
0.216789
0.217485
0.218177
0.218878
0.219576
0.220275
0.220973
0.22167
0.222376
0.223083
0.223796
0.2245
0.225213
0.225925
0.226636
0.227349
0.228063
0.228782
0.229506
0.230234
0.230962
0.23169
0.232423
0.233154
0.233883
0.234612
0.235345
0.236077
0.236815
0.237551
0.238284
0.239023
0.239764
0.240508
0.241253
0.242002
0.242749
0.243501
0.24425
0.245003
0.245759
0.246517
0.247277
0.248037
0.248805
0.249567
0.250328
0.251095
0.251857
0.252634
0.253403
0.254185
0.254963
0.255744
0.256519
0.257296
0.258084
0.25887
0.259661
0.260458
0.261241
0.262038
0.262836
0.263634
0.26443
0.265238
0.266037
0.266842
0.267654
0.268469
0.269282
0.270095
0.270914
0.271722
0.272539
0.273356
0.274169
0.274994
0.27582
0.276648
0.277474
0.278311
0.27915
0.279984
0.280819
0.281669
0.282517
0.283366
0.284213
0.285066
0.285913
0.286773
0.287634
0.288494
0.289366
0.290229
0.291099
0.291956
0.292826
0.293692
0.294568
0.295441
0.296325
0.297203
0.298078
0.298958
0.299853
0.300744
0.301632
0.302527
0.303424
0.304329
0.305233
0.306138
0.307045
0.307952
0.308871
0.30979
0.310709
0.311631
0.312558
0.313485
0.314408
0.315339
0.316272
0.31721
0.318146
0.31909
0.320039
0.320987
0.321931
0.322888
0.323838
0.324798
0.325765
0.326734
0.327692
0.328664
0.329631
0.330606
0.331571
0.33255
0.333531
0.334506
0.335492
0.336483
0.337476
0.338469
0.339468
0.340469
0.341475
0.342482
0.343489
0.344505
0.345521
0.346536
0.347557
0.348579
0.349608
0.350634
0.351664
0.352702
0.353741
0.354788
0.355838
0.356883
0.357934
0.358991
0.360038
0.361103
0.362176
0.363237
0.364314
0.365398
0.366476
0.36756
0.368651
0.369742
0.370841
0.371942
0.373047
0.37416
0.375264
0.376378
0.377494
0.378615
0.379738
0.380862
0.381988
0.383118
0.384261
0.385413
0.386561
0.38772
0.388875
0.390043
0.391208
0.392374
0.393553
0.394729
0.395912
0.397098
0.39829
0.399485
0.400679
0.401885
0.403094
0.404302
0.40552
0.406746
0.40797
0.409197
0.410431
0.411666
0.412908
0.414149
0.415388
0.416644
0.417905
0.419174
0.420441
0.421718
0.422992
0.424278
0.425577
0.426871
0.428162
0.429475
0.430785
0.432095
0.433408
0.434727
0.436052
0.43739
0.438717
0.440069
0.441414
0.442762
0.444123
0.445486
0.446836
0.448216
0.449596
0.450969
0.452359
0.453766
0.455163
0.456563
0.457974
0.459386
0.46082
0.462245
0.463683
0.465139
0.466594
0.468051
0.469516
0.470998
0.472477
0.473967
0.475443
0.476949
0.478458
0.479962
0.481477
0.483
0.484525
0.48606
0.487606
0.489159
0.490727
0.492294
0.493871
0.495451
0.497059
0.498668
0.50027
0.501874
0.503479
0.505102
0.506735
0.508376
0.510032
0.511688
0.513355
0.51502
0.516709
0.518405
0.520104
0.521813
0.523543
0.525254
0.526984
0.528727
0.530484
0.532232
0.534002
0.535777
0.53756
0.539355
0.541154
0.542965
0.544787
0.546631
0.548481
0.550327
0.552183
0.554064
0.555942
0.557832
0.559737
0.561659
0.5636
0.565544
0.567482
0.56945
0.571421
0.573397
0.575395
0.577392
0.579426
0.581451
0.583486
0.585555
0.587615
0.589694
0.591791
0.593885
0.596007
0.598138
0.600284
0.60244
0.604631
0.60682
0.609011
0.611227
0.613459
0.615687
0.617961
0.620262
0.622569
0.62487
0.627179
0.62953
0.631872
0.634231
0.636608
0.639005
0.641416
0.643851
0.646327
0.648815
0.651324
0.65382
0.656361
0.658907
0.661472
0.664068
0.666655
0.669278
0.671892
0.674562
0.677233
0.679928
0.682661
0.685407
0.688156
0.69097
0.693785
0.696617
0.699463
0.702346
0.705263
0.708188
0.711106
0.714111
0.71711
0.72015
0.723188
0.726252
0.729353
0.732524
0.73568
0.738862
0.742081
0.745349
0.748649
0.751967
0.755334
0.758703
0.762147
0.765597
0.769058
0.772591
0.776129
0.779709
0.783341
0.787001
0.790702
0.794431
0.798225
0.802058
0.805935
0.809839
0.813778
0.817801
0.821864
0.82594
0.830098
0.834271
0.83849
0.842781
0.847149
0.851558
0.856029
0.860548
0.86515
0.869792
0.874489
0.879253
0.884079
0.88895
0.893941
0.898962
0.904049
0.909214
0.914464
0.919822
0.925271
0.930743
0.936348
0.942064
0.947789
0.953631
0.959535
0.965635
0.971746
0.977956
0.984301
0.990803
0.997388
1.00409
1.01087
1.01782
1.02487
1.03204
1.03936
1.04684
1.05447
1.06226
1.07015
1.07824
1.08639
1.09476
1.10329
1.11199
1.12083
1.12997
1.13917
1.14862
1.15819
1.16798
1.17793
1.18812
1.19849
1.20903
1.21984
1.23089
1.24213
1.25362
1.26541
1.2775
1.28992
1.30247
1.31523
1.32826
1.34161
1.35534
1.36926
1.38352
1.398
1.41286
1.4281
1.44365
1.45962
1.47573
1.49246
1.50932
1.52662
1.54453
1.56291
1.58147
1.60061
1.62016
1.6402
1.66074
1.68171
1.70345
1.72533
1.74793
1.77102
1.79464
1.81878
1.84382
1.8695
1.89559
1.92261
1.95032
1.9788
2.00803
2.03829
2.06929
2.1013
2.13386
2.16776
2.203
2.23907
2.27638
2.31474
2.35455
2.39556
2.43782
2.48159
2.52682
2.57423
2.62345
2.67436
2.72734
2.78223
2.83961
2.89912
2.96098
3.02569
3.09329
3.16384
3.23748
3.31542
3.39669
3.4812
3.57094
3.66414
3.76348
3.86668
3.97504
4.09078
4.21365
4.34365
4.48014
4.62497
4.7787
4.94269
5.11868
5.30655
5.50613
5.72181
5.95487
6.20659
6.47626
6.76923
7.09036
7.4397
7.82238
8.242
8.70957
9.22052
9.79384
10.4292
11.1433
11.9499
12.8615
13.9178
15.1298
16.5388
18.1913
20.1236
22.4215
25.1837
28.5735
32.7176
37.9198
44.6149
53.9683
70.2307
