0.00144562
0.00290219
0.00436055
0.00581982
0.00728829
0.00875882
0.0102389
0.0117087
0.0131866
0.0146876
0.0161747
0.0176692
0.0191783
0.020687
0.022194
0.0237194
0.0252443
0.0267606
0.028307
0.0298455
0.031401
0.0329545
0.0345207
0.0360965
0.0376639
0.0392373
0.0408201
0.0423947
0.0439771
0.0455698
0.0471833
0.0487858
0.0503975
0.0520214
0.0536548
0.0553002
0.0569249
0.0585599
0.060217
0.0618735
0.0635393
0.0652029
0.0668795
0.0685634
0.0702603
0.0719474
0.0736594
0.0753714
0.0770997
0.0788182
0.0805354
0.0822538
0.0839934
0.0857337
0.0874758
0.0892373
0.0910146
0.0927922
0.0945829
0.0963892
0.0981856
0.100003
0.10181
0.103617
0.10545
0.107279
0.109126
0.11097
0.112822
0.114677
0.116548
0.118429
0.120327
0.122209
0.124131
0.126052
0.127977
0.129905
0.131848
0.13379
0.135741
0.137705
0.139675
0.141662
0.143662
0.145668
0.147661
0.149677
0.151704
0.153728
0.155779
0.157817
0.15988
0.161937
0.164034
0.166129
0.168217
0.170322
0.172437
0.174567
0.176715
0.178857
0.18101
0.183174
0.185354
0.18753
0.189726
0.191916
0.194154
0.196389
0.198628
0.200887
0.203153
0.205415
0.207724
0.210036
0.212346
0.214669
0.217035
0.219388
0.221741
0.224107
0.226484
0.22888
0.231296
0.233716
0.23613
0.238571
0.241023
0.243504
0.245971
0.248488
0.250996
0.253521
0.25606
0.258636
0.261206
0.263787
0.266351
0.268957
0.271594
0.274236
0.276904
0.279565
0.282258
0.284959
0.287671
0.290415
0.293153
0.295937
0.298719
0.301502
0.3043
0.307135
0.309972
0.312846
0.315721
0.31862
0.321548
0.324489
0.327462
0.330443
0.333442
0.336477
0.339527
0.342559
0.345629
0.34875
0.351867
0.355005
0.358148
0.361339
0.364528
0.36773
0.370954
0.374206
0.3775
0.380838
0.384201
0.387544
0.390952
0.394349
0.397771
0.401224
0.404688
0.408206
0.411745
0.415314
0.418927
0.422559
0.426173
0.429862
0.433557
0.437267
0.441001
0.444779
0.448582
0.452459
0.456335
0.460249
0.464205
0.468146
0.472182
0.476207
0.480295
0.484424
0.488575
0.492754
0.496965
0.501235
0.50553
0.509873
0.514281
0.518703
0.523187
0.5277
0.53225
0.536862
0.541466
0.546152
0.550906
0.55569
0.560526
0.56542
0.570315
0.575285
0.58029
0.585353
0.590511
0.595683
0.600932
0.606206
0.611526
0.616951
0.622482
0.628004
0.633642
0.639268
0.645009
0.65082
0.656634
0.662503
0.668519
0.674692
0.680842
0.687074
0.693362
0.69978
0.706207
0.712837
0.719496
0.726305
0.733132
0.740068
0.747111
0.75421
0.761462
0.768885
0.776416
0.783969
0.791737
0.799576
0.807597
0.815726
0.823921
0.832297
0.840814
0.84946
0.858223
0.867209
0.876328
0.885594
0.895089
0.904698
0.914463
0.924473
0.934641
0.945105
0.955792
0.966744
0.977825
0.989139
1.00065
1.01241
1.02452
1.03682
1.04949
1.06234
1.07561
1.089
1.1026
1.11673
1.13109
1.14586
1.16087
1.17617
1.19193
1.20797
1.22438
1.24128
1.25847
1.27616
1.29424
1.31278
1.33164
1.35098
1.3707
1.39118
1.41208
1.43331
1.45521
1.47761
1.50068
1.52436
1.54848
1.57303
1.59826
1.62396
1.65056
1.67803
1.70564
1.7343
1.7638
1.79388
1.82475
1.85635
1.88895
1.92258
1.9568
1.99217
2.02819
2.06543
2.10336
2.14268
2.18276
2.22408
2.26667
2.31039
2.35546
2.40165
2.44934
2.49858
2.54889
2.60081
2.65419
2.70953
2.7665
2.82538
2.88624
2.94906
3.01379
3.08022
3.14867
3.21959
3.29302
3.3683
3.44701
3.52811
3.61283
3.69986
3.79077
3.88403
3.98044
4.08169
4.18449
4.29226
4.40409
4.51889
4.63881
4.76362
4.89351
5.02941
5.1696
5.31725
5.47036
5.62921
5.79463
5.96834
6.1492
6.33766
6.53336
6.73818
6.95139
7.17611
7.41074
7.65474
7.91498
8.1819
8.46327
8.75817
9.06759
9.38983
9.7296
10.0879
10.464
10.8628
11.2776
11.7157
12.1783
12.6672
13.18
13.7255
14.3018
14.9062
15.5467
16.2314
16.9542
17.7172
18.528
19.3859
20.3024
21.2715
22.3013
23.3894
24.5633
25.8235
27.1422
28.549
30.0617
31.6646
33.3873
35.2142
37.1702
39.2657
41.4964
43.9011
46.451
49.2056
52.1551
55.2938
58.6651
62.2497
66.0884
70.2192
74.6166
79.3277
84.3944
89.7489
95.5089
101.686
108.284
115.323
122.74
130.65
139.039
148.053
157.627
167.708
178.409
189.71
201.678
214.303
227.563
241.616
256.421
271.961
288.359
305.489
323.622
342.421
361.943
382.531
403.947
426.43
449.845
474.264
499.706
526.305
553.634
582.147
611.291
641.758
673.451
706.152
740.155
775.411
811.475
849.047
887.556
927.497
968.965
1011.56
1055.5
1101.07
1148.66
1197.63
1248.8
1302.23
1358.63
1417.98
1481.89
1549.88
1624.11
1706.42
1798.31
1904.57
2033.64
2197.84
2434.15
2885.06
