0.272358
0.340006
0.385665
0.422112
0.453337
0.481095
0.506209
0.529414
0.551203
0.571632
0.591233
0.609957
0.628164
0.645581
0.66246
0.67883
0.694901
0.710427
0.725676
0.740642
0.75532
0.769808
0.78397
0.798056
0.811987
0.825666
0.839279
0.852657
0.866061
0.879281
0.892526
0.905495
0.918318
0.931052
0.943717
0.956431
0.968988
0.981508
0.993984
1.00642
1.01885
1.03127
1.04367
1.05609
1.06847
1.08084
1.09317
1.10538
1.11775
1.13008
1.14235
1.15473
1.16707
1.1794
1.19179
1.20423
1.21664
1.22899
1.24147
1.25394
1.2665
1.27895
1.29149
1.30411
1.3167
1.32934
1.34221
1.35498
1.36793
1.38086
1.39376
1.40678
1.41986
1.43295
1.44631
1.4596
1.4728
1.48605
1.49939
1.51303
1.52655
1.54021
1.55395
1.56778
1.58177
1.59582
1.60988
1.62404
1.63841
1.65278
1.6672
1.68176
1.69636
1.71113
1.726
1.74098
1.75616
1.77136
1.78666
1.80212
1.81766
1.83331
1.84928
1.86524
1.88124
1.89737
1.91363
1.9301
1.94665
1.9633
1.97997
1.99687
2.01388
2.03102
2.04818
2.06554
2.08326
2.10123
2.11921
2.13731
2.15575
2.17424
2.19291
2.21152
2.23037
2.24927
2.2685
2.28799
2.30741
2.32723
2.34713
2.36733
2.38771
2.40808
2.42899
2.45001
2.47112
2.4924
2.51396
2.53579
2.55791
2.58003
2.60238
2.62509
2.64796
2.67105
2.69419
2.7178
2.74144
2.76537
2.78933
2.81377
2.83856
2.86342
2.88841
2.91368
2.93944
2.96504
2.99119
3.01758
3.04448
3.07141
3.09837
3.12576
3.15368
3.18166
3.20989
3.2388
3.26791
3.2971
3.3265
3.35654
3.38665
3.41716
3.4479
3.47904
3.5107
3.54254
3.57466
3.60697
3.63997
3.67326
3.70695
3.7409
3.77512
3.80976
3.84481
3.8801
3.91619
3.95268
3.9896
4.02667
4.0643
4.10203
4.14054
4.17958
4.21861
4.25817
4.29797
4.33847
4.37932
4.4211
4.46303
4.50565
4.5489
4.59231
4.63697
4.6816
4.72651
4.77219
4.81785
4.86495
4.91258
4.9606
5.00935
5.05823
5.10845
5.15907
5.21015
5.26214
5.31448
5.36791
5.42132
5.47531
5.53029
5.5864
5.64276
5.70002
5.75762
5.81637
5.87535
5.93566
5.99679
6.05906
6.12187
6.18557
6.25003
6.31486
6.38112
6.44853
6.51605
6.58466
6.65408
6.725
6.79641
6.86873
6.94274
7.01683
7.0934
7.17041
7.24873
7.32772
7.40816
7.48914
7.57197
7.65574
7.74038
7.82705
7.91426
8.00296
8.09338
8.18474
8.27663
8.36941
8.46504
8.56277
8.66058
8.76051
8.8616
8.96491
9.06885
9.17503
9.2816
9.39132
9.50258
9.61436
9.72906
9.84536
9.96185
10.0814
10.2025
10.3264
10.4518
10.5792
10.7077
10.8389
10.9735
11.11
11.2488
11.3899
11.5333
11.6785
11.8246
11.9754
12.1288
12.284
12.442
12.6035
12.7667
12.933
13.1026
13.2737
13.4478
13.6231
13.8051
13.989
14.1774
14.3689
14.5636
14.7626
14.9648
15.1703
15.3795
15.5942
15.8123
16.0346
16.2571
16.4872
16.7218
16.9615
17.204
17.4514
17.7026
17.9615
18.2234
18.494
18.7689
19.0456
19.3297
19.6179
19.914
20.2144
20.5254
20.8398
21.1605
21.4856
21.8197
22.1597
22.5069
22.8598
23.221
23.5916
23.9689
24.3545
24.7504
25.1525
25.564
25.9858
26.4167
26.8588
27.3077
27.7701
28.2368
28.7179
29.2084
29.7095
30.2284
30.7555
31.2902
31.8429
32.4032
32.9812
33.5751
34.1843
34.8021
35.4379
36.095
36.7655
37.4445
38.1447
38.8644
39.6005
40.3539
41.125
41.914
42.7312
43.5793
44.433
45.3093
46.2145
47.141
48.0921
49.0659
50.0713
51.1105
52.168
53.2477
54.3724
55.5211
56.703
57.9132
59.1538
60.4297
61.7416
63.0971
64.4886
65.9075
67.3774
68.8963
70.4692
72.0753
73.7282
75.4397
77.2029
79.008
80.882
82.8083
84.7925
86.8544
88.9736
91.1529
93.3904
95.7004
98.0834
100.545
103.081
105.697
108.405
111.203
114.099
117.066
120.16
123.353
126.637
130.038
133.584
137.217
140.977
144.916
148.952
153.13
157.481
161.972
166.624
171.395
176.328
181.435
186.759
192.329
198.024
203.932
210.046
216.455
223.04
229.897
237.01
244.313
251.93
259.841
268.034
276.513
285.301
294.478
304.01
313.921
324.186
334.781
345.906
357.473
369.457
381.933
394.771
408.198
422.135
436.619
451.768
467.625
484.095
501.32
519.119
537.724
556.978
577.128
598.357
620.313
643.351
667.275
692.42
718.768
746.246
775.162
805.496
837.307
870.716
905.975
943.203
982.621
1024.18
1068.4
1115.82
1166.08
1219.83
1278.62
1341.48
1410.59
1487.79
1576.3
1684.49
1826.84
2068.22
