0.0113337
0.0227484
0.0341983
0.0455549
0.0570394
0.0684141
0.0798601
0.0912947
0.10284
0.114401
0.125916
0.137352
0.14904
0.160515
0.172179
0.183749
0.195251
0.20692
0.218467
0.230003
0.241606
0.253344
0.265128
0.276742
0.28833
0.300012
0.311658
0.323398
0.335055
0.346733
0.358445
0.370161
0.381904
0.39361
0.405302
0.417202
0.428977
0.440678
0.4526
0.4644
0.476144
0.488021
0.499883
0.511695
0.523432
0.535389
0.547257
0.55921
0.571135
0.583205
0.595147
0.607205
0.619209
0.631303
0.643283
0.655268
0.667445
0.679589
0.691758
0.7039
0.716029
0.728165
0.7403
0.752416
0.764684
0.776996
0.789135
0.801376
0.813605
0.825842
0.838064
0.850312
0.862593
0.87486
0.887138
0.899361
0.911697
0.924025
0.936338
0.948704
0.961119
0.973587
0.98607
0.99854
1.01107
1.02358
1.03611
1.04871
1.06132
1.07382
1.08635
1.0989
1.11152
1.12405
1.13659
1.1492
1.1618
1.17432
1.18698
1.1996
1.21233
1.22495
1.23765
1.2503
1.26297
1.27587
1.28874
1.30147
1.31435
1.32712
1.33983
1.35265
1.36553
1.37842
1.39129
1.40426
1.41716
1.43013
1.44303
1.456
1.46906
1.48213
1.49509
1.50816
1.52123
1.53424
1.54737
1.56053
1.57375
1.58689
1.60001
1.61323
1.62633
1.63953
1.65262
1.66583
1.67915
1.69248
1.70567
1.71898
1.73228
1.74559
1.7589
1.7723
1.78559
1.79915
1.81261
1.82603
1.83939
1.85293
1.86647
1.87998
1.89351
1.9071
1.92066
1.9342
1.94771
1.96135
1.97488
1.9886
2.00215
2.01582
2.02947
2.04318
2.05695
2.07066
2.08438
2.09815
2.11191
2.12571
2.13957
2.15351
2.16737
2.18124
2.19517
2.20912
2.22305
2.23702
2.25094
2.26505
2.2792
2.29311
2.30706
2.32108
2.33515
2.34931
2.36325
2.37724
2.39134
2.40537
2.41946
2.43369
2.4479
2.46209
2.47633
2.49067
2.50506
2.51936
2.53359
2.54788
2.5622
2.57663
2.59088
2.60526
2.61981
2.63424
2.6488
2.66338
2.67784
2.69238
2.70687
2.72129
2.73578
2.75029
2.76485
2.77949
2.79409
2.80881
2.8235
2.83841
2.85324
2.86801
2.88272
2.89759
2.91253
2.92745
2.94226
2.95705
2.97181
2.98675
3.00164
3.01655
3.03142
3.04639
3.06153
3.07651
3.09159
3.10671
3.12185
3.13702
3.15213
3.16733
3.18254
3.19785
3.21308
3.22826
3.24358
3.25887
3.27428
3.28952
3.30492
3.32036
3.33577
3.35115
3.36656
3.38213
3.39756
3.41298
3.42839
3.44393
3.45951
3.47519
3.49083
3.50646
3.52205
3.53766
3.55328
3.5689
3.58477
3.60057
3.61629
3.63223
3.64802
3.66389
3.67977
3.69577
3.71183
3.72789
3.74381
3.75989
3.77599
3.792
3.80806
3.82412
3.84005
3.85618
3.87228
3.8885
3.9048
3.92105
3.93745
3.95358
3.96981
3.98618
4.00251
4.0189
4.0352
4.05185
4.06827
4.08466
4.10137
4.11788
4.1344
4.15103
4.16762
4.18406
4.20081
4.21753
4.23422
4.25075
4.26756
4.28433
4.30113
4.31786
4.33474
4.35173
4.36864
4.38562
4.40256
4.41956
4.4365
4.4534
4.47063
4.48767
4.50491
4.52208
4.53929
4.55647
4.57348
4.59082
4.60802
4.62528
4.64253
4.65984
4.67721
4.69466
4.71216
4.72972
4.74732
4.76488
4.78238
4.79996
4.81747
4.8351
4.85269
4.87034
4.88781
4.90557
4.92324
4.94113
4.95908
4.97698
4.99467
5.0128
5.03087
5.04876
5.06668
5.08479
5.10292
5.12097
5.13923
5.15753
5.17576
5.19406
5.21234
5.23067
5.24915
5.26751
5.2859
5.30438
5.32278
5.34129
5.35973
5.37825
5.3968
5.41547
5.43408
5.45269
5.47138
5.49004
5.50881
5.5277
5.5465
5.56529
5.5842
5.60309
5.62213
5.64098
5.6599
5.67898
5.69794
5.71707
5.7362
5.75534
5.77454
5.79388
5.81314
5.83232
5.85172
5.87121
5.89071
5.9102
5.92979
5.94937
5.96903
5.98859
6.00811
6.02794
6.04772
6.06764
6.08735
6.10713
6.12695
6.14686
6.16686
6.18688
6.20686
6.22694
6.24698
6.26712
6.28723
6.30742
6.32771
6.34791
6.36805
6.38815
6.4085
6.4289
6.44932
6.46975
6.49031
6.51084
6.53144
6.5521
6.57265
6.59313
6.61395
6.63463
6.65563
6.67651
6.69738
6.71825
6.73932
6.76038
6.78135
6.80238
6.82359
6.84474
6.866
6.88731
6.90847
6.92996
6.95137
6.97284
6.99425
7.01567
7.03727
7.05895
7.08059
7.10234
7.12401
7.14571
7.16755
7.18943
7.21138
7.23341
7.2555
7.27757
7.2997
7.32187
7.34432
7.3665
7.38885
7.41124
7.43354
7.45593
7.47846
7.50108
7.52366
7.54605
7.56876
7.59144
7.61417
7.63708
7.65992
7.68281
7.70588
7.72892
7.75192
7.77499
7.79822
7.82136
7.84457
7.86799
7.89129
7.91449
7.93806
7.96164
7.98505
8.00867
8.03265
8.05612
8.07989
8.10373
8.1276
8.15132
8.17541
8.19964
8.22338
8.24747
8.27172
8.29596
8.32004
8.34424
8.3684
8.3928
8.41712
8.44166
8.46615
8.49072
8.51511
8.53984
8.56446
8.58923
8.61401
8.63885
8.66384
8.6891
8.71415
8.73933
8.76445
8.78976
8.81515
8.84045
8.866
8.89139
8.91705
8.94271
8.9684
8.99404
9.0199
9.04586
9.07197
9.09804
9.12411
9.15019
9.17627
9.20274
9.2291
9.2554
9.28191
9.30846
9.33492
9.36159
9.38838
9.41532
9.44216
9.46898
9.49595
9.52287
9.55012
9.57715
9.60437
9.63173
9.65901
9.68644
9.71419
9.74183
9.76922
9.79706
9.82504
9.85268
9.88054
9.90849
9.93649
9.96457
9.99281
10.0213
10.0499
10.0783
10.1068
10.1354
10.164
10.1927
10.2216
10.2505
10.2797
10.3086
10.3375
10.3668
10.3961
10.4255
10.4547
10.484
10.5136
10.5432
10.5731
10.6027
10.6324
10.6623
10.6923
10.7224
10.7527
10.7831
10.8137
10.8441
10.8748
10.9057
10.9366
10.9672
10.9981
11.0294
11.0605
11.0919
11.1228
11.1539
11.1853
11.2167
11.2482
11.2796
11.3113
11.3432
11.3754
11.4076
11.4396
11.472
11.5043
11.5368
11.5694
11.6021
11.6346
11.6673
11.7
11.7327
11.7657
11.7991
11.8326
11.8658
11.8992
11.9326
11.9663
12
12.0336
12.0677
12.1017
12.1361
12.1705
12.205
12.2393
12.2742
12.3092
12.3439
12.3788
12.414
12.4488
12.4843
12.5201
12.5558
12.5914
12.6273
12.6635
12.6992
12.7354
12.7717
12.808
12.8447
12.8812
12.9179
12.9547
12.9921
13.029
13.0662
13.1036
13.141
13.1789
13.2165
13.2541
13.2924
13.3307
13.3689
13.4077
13.4465
13.4854
13.5244
13.5634
13.6024
13.6419
13.6813
13.7213
13.7609
13.8008
13.8408
13.8807
13.9208
13.961
14.0017
14.0423
14.0829
14.1238
14.1648
14.2067
14.2484
14.2902
14.3323
14.3739
14.4161
14.4585
14.5005
14.5428
14.586
14.6289
14.672
14.7156
14.7588
14.8025
14.8463
14.8899
14.9339
14.978
15.0227
15.0675
15.1121
15.1574
15.2023
15.2477
15.2933
15.3391
15.385
15.4312
15.4776
15.5244
15.5715
15.6186
15.666
15.7136
15.7607
15.8085
15.8569
15.9053
15.9542
16.0031
16.0519
16.1014
16.1508
16.2002
16.2498
16.3003
16.351
16.4017
16.4526
16.5041
16.5554
16.6066
16.6581
16.7104
16.7622
16.8146
16.8675
16.9211
16.974
17.0272
17.0806
17.1345
17.1887
17.2433
17.2986
17.3532
17.4088
17.464
17.5202
17.5764
17.6328
17.6897
17.747
17.8044
17.8625
17.9203
17.9784
18.0365
18.0957
18.1549
18.2146
18.2745
18.3346
18.3953
18.456
18.5175
18.5786
18.641
18.7032
18.7655
18.8288
18.8921
18.9552
19.0185
19.0832
19.1479
19.2131
19.2783
19.3442
19.4106
19.4779
19.5446
19.6124
19.6798
19.7483
19.8173
19.8864
19.9567
20.0265
20.0975
20.1686
20.2411
20.3131
20.3855
20.4581
20.5318
20.6054
20.6803
20.7554
20.831
20.9069
20.984
21.061
21.1386
21.2165
21.2951
21.3739
21.4535
21.5339
21.6144
21.6959
21.7781
21.8612
21.9451
22.0289
22.1135
22.1987
22.2853
22.3727
22.4607
22.5488
22.6382
22.728
22.8193
22.9113
23.0032
23.0959
23.1894
23.2841
23.3785
23.4745
23.5716
23.6693
23.7677
23.8681
23.9692
24.0704
24.1732
24.2768
24.3814
24.4865
24.5933
24.7011
24.81
24.9194
25.0299
25.1425
25.2555
25.3697
25.4844
25.6011
25.7186
25.8374
25.9569
26.0769
26.2
26.3238
26.4502
26.5778
26.7072
26.8378
26.9696
27.1036
27.2391
27.3767
27.5155
27.6552
27.7974
27.9406
28.0868
28.2342
28.3845
28.537
28.6906
28.8466
29.0051
29.1659
29.3281
29.4926
29.6592
29.8296
30.0036
30.1809
30.3605
30.5416
30.7268
30.9157
31.1064
31.3015
31.5002
31.7029
31.9077
32.1175
32.3318
32.55
32.7743
33.0007
33.2321
33.4705
33.7125
33.9609
34.2157
34.4761
34.7409
35.0156
35.2964
35.5843
35.8781
36.1771
36.4903
36.8121
37.1421
37.4826
37.8362
38.1997
38.5774
38.969
39.3723
39.7925
40.2255
40.6768
41.148
41.643
42.1612
42.705
43.28
43.8823
44.5311
45.2125
45.9393
46.716
47.5589
48.4789
49.4831
50.5914
51.8477
53.2736
54.9477
57.0342
60.0078
64.6649
72.8757
86.5245
107.503
137.737
177.017
224.107
278.698
341.318
411.716
490.47
577.781
673.691
778.852
892.734
1014.75
1147.1
1287.85
1438.07
1597.88
1766.64
1944.42
2132.18
2329.12
2536.58
2752.96
2978.83
3214.16
3461.51
3720.34
3993.3
4281.97
4593.19
4938.2
5321.91
5779.51
6346.16
7147.28
8654.5
