0.158086
0.195273
0.219756
0.239111
0.255368
0.269699
0.28251
0.294342
0.305278
0.315525
0.325286
0.334531
0.34335
0.351901
0.36009
0.368053
0.375679
0.38306
0.390321
0.397351
0.404204
0.410998
0.417619
0.424083
0.430448
0.4367
0.442873
0.44887
0.454828
0.460638
0.46644
0.472186
0.477856
0.483455
0.488989
0.494472
0.499895
0.505297
0.510643
0.515936
0.521111
0.526275
0.531399
0.536527
0.541566
0.546644
0.551662
0.556622
0.561554
0.566508
0.571429
0.576357
0.581236
0.586095
0.590943
0.595722
0.600517
0.605306
0.610057
0.614785
0.619486
0.624208
0.628917
0.63357
0.638233
0.642851
0.647496
0.652124
0.656732
0.661349
0.665926
0.670509
0.675083
0.679666
0.684262
0.688863
0.69345
0.698021
0.702548
0.70709
0.711648
0.716219
0.720759
0.725312
0.729855
0.734415
0.738923
0.743518
0.74801
0.752577
0.757132
0.761675
0.766242
0.770803
0.775393
0.779936
0.784505
0.78905
0.793582
0.798188
0.802778
0.807367
0.811949
0.816578
0.821225
0.825845
0.830431
0.835081
0.839721
0.844363
0.849033
0.853692
0.858406
0.86309
0.867782
0.872501
0.877222
0.881977
0.886711
0.891485
0.896256
0.900977
0.905786
0.910631
0.915461
0.920288
0.925165
0.930044
0.93493
0.939833
0.944743
0.949673
0.954665
0.959627
0.96464
0.96968
0.974738
0.979771
0.984849
0.989928
0.99502
1.00018
1.00538
1.01055
1.01579
1.02104
1.02628
1.03159
1.0369
1.04224
1.04765
1.05304
1.05853
1.064
1.06946
1.07499
1.08055
1.08619
1.09181
1.09747
1.10316
1.10886
1.11456
1.12033
1.12617
1.13206
1.13794
1.14386
1.14979
1.15578
1.16179
1.16787
1.17397
1.18022
1.18644
1.19272
1.19902
1.20536
1.2118
1.2183
1.22478
1.23131
1.23792
1.24455
1.25125
1.25798
1.2648
1.27167
1.2786
1.2856
1.2927
1.29983
1.30703
1.31425
1.32158
1.32899
1.33649
1.344
1.35163
1.35928
1.36703
1.37489
1.38283
1.39089
1.39896
1.40715
1.41537
1.42368
1.43212
1.44068
1.4493
1.45805
1.46686
1.47578
1.48476
1.49383
1.503
1.51237
1.5218
1.53139
1.54112
1.55087
1.56079
1.57081
1.58098
1.59128
1.60171
1.61224
1.62298
1.63376
1.64469
1.65578
1.66704
1.67843
1.69002
1.7017
1.7136
1.72562
1.73782
1.75032
1.76296
1.77578
1.78878
1.80202
1.8154
1.82901
1.84268
1.85674
1.87109
1.88556
1.9004
1.91535
1.93059
1.94592
1.96139
1.97734
1.99346
2.00985
2.02654
2.04346
2.06069
2.07819
2.09605
2.11417
2.13262
2.15143
2.17043
2.18992
2.20961
2.22967
2.25018
2.27095
2.29218
2.31389
2.33603
2.35861
2.38146
2.40473
2.42846
2.45278
2.47755
2.50265
2.52823
2.55454
2.58142
2.60878
2.63685
2.66535
2.69457
2.72452
2.75495
2.78614
2.81788
2.85023
2.88348
2.91728
2.95221
2.98791
3.02452
3.06173
3.09983
3.13865
3.17846
3.21934
3.26127
3.30445
3.34848
3.39376
3.43966
3.48723
3.53602
3.58608
3.63797
3.69089
3.74561
3.80171
3.85915
3.91842
3.97979
4.04279
4.10765
4.1743
4.24279
4.31409
4.38727
4.46306
4.54114
4.62095
4.70373
4.78969
4.87904
4.97125
5.0664
5.16514
5.26707
5.37327
5.48261
5.59589
5.71374
5.83615
5.96442
6.09698
6.234
6.378
6.52813
6.68487
6.84697
7.0152
7.19058
7.37566
7.56784
7.77008
7.98119
8.20485
8.43543
8.67672
8.93185
9.20008
9.48152
9.77716
10.0849
10.4111
10.7553
11.1162
11.4977
11.904
12.3296
12.782
13.2602
13.7606
14.289
14.8541
15.4526
16.0817
16.754
17.4735
18.2245
19.0215
19.8737
20.7691
21.7249
22.7352
23.82
24.9547
26.1646
27.4491
28.8064
30.2392
31.768
33.3881
35.0993
36.9044
38.797
40.8191
42.9417
45.1802
47.5138
49.9704
52.544
55.2436
58.0912
61.085
64.1942
67.4377
70.8083
74.313
77.9662
81.7383
85.675
89.7303
93.963
98.335
102.834
107.49
112.285
117.225
122.315
127.57
132.958
138.525
144.213
150.076
156.064
162.205
168.553
174.999
181.634
188.441
195.376
202.521
209.772
217.184
224.784
232.605
240.548
248.675
256.921
265.305
273.933
282.64
291.57
300.657
309.888
319.293
328.945
338.698
348.719
358.915
369.299
379.839
390.594
401.505
412.662
423.994
435.512
447.25
459.171
471.269
483.559
496.207
509.079
522.122
535.374
548.887
562.703
576.816
591.155
605.884
620.739
635.858
651.212
666.939
683.038
699.505
716.214
733.3
750.773
768.54
786.683
805.301
824.318
843.765
863.624
883.945
904.884
926.511
949.06
972.264
996.168
1021.55
1048.16
1076.45
1106.64
1139.56
1176.06
1217.33
1266.04
1326.91
1410.48
1559.68
