12.899
15.7204
17.5629
18.9793
20.1738
21.2173
22.1425
22.992
23.7717
24.5083
25.1928
25.8362
26.4504
27.0394
27.602
28.145
28.6746
29.1843
29.6765
30.1532
30.619
31.0737
31.5144
31.9473
32.3698
32.7852
33.1877
33.5859
33.9744
34.3578
34.7355
35.1073
35.4706
35.8317
36.1862
36.5355
36.8814
37.2228
37.5584
37.8906
38.2216
38.5465
38.87
39.1898
39.5024
39.8144
40.1242
40.4318
40.733
41.0319
41.3273
41.6225
41.9152
42.2089
42.4992
42.7839
43.0692
43.3513
43.631
43.909
44.1861
44.4609
44.7358
45.0076
45.277
45.5483
45.8159
46.0819
46.3472
46.6122
46.8723
47.1322
47.3902
47.6489
47.9062
48.162
48.4146
48.6681
48.9217
49.1721
49.4247
49.6778
49.9262
50.1739
50.421
50.6663
50.9125
51.1575
51.3996
51.6435
51.885
52.1263
52.3667
52.6081
52.8474
53.0852
53.3211
53.5603
53.7975
54.0325
54.2685
54.5033
54.7371
54.9706
55.2028
55.4349
55.6675
55.8983
56.1307
56.3613
56.5917
56.8216
57.051
57.2803
57.5097
57.7381
57.9649
58.1931
58.4202
58.6469
58.8727
59.1003
59.3262
59.5503
59.7763
60.0017
60.2267
60.4517
60.678
60.9025
61.1269
61.3515
61.5773
61.8012
62.0239
62.2471
62.4715
62.6958
62.9174
63.1412
63.3639
63.5855
63.8076
64.0307
64.2536
64.4772
64.7005
64.922
65.1441
65.3673
65.5899
65.812
66.0348
66.2562
66.4771
66.6989
66.9207
67.1411
67.3625
67.5839
67.8062
68.0269
68.2469
68.4712
68.6905
68.9139
69.1357
69.3567
69.5789
69.8005
70.0205
70.2411
70.4641
70.6855
70.9056
71.1277
71.3484
71.5723
71.7962
72.0213
72.2447
72.4671
72.6909
72.9117
73.1348
73.3576
73.5811
73.8049
74.0295
74.2519
74.4763
74.6998
74.9246
75.147
75.3726
75.5983
75.8243
76.0511
76.2762
76.5018
76.7315
76.9592
77.1861
77.4118
77.6387
77.8644
78.0913
78.3203
78.5508
78.7782
79.0072
79.2358
79.4646
79.6943
79.9244
80.1555
80.387
80.6194
80.8509
81.0822
81.3151
81.5476
81.7776
82.0102
82.2444
82.4772
82.7099
82.9449
83.1814
83.4143
83.6501
83.8866
84.1239
84.3618
84.601
84.8392
85.0779
85.318
85.5564
85.7951
86.0361
86.2777
86.5195
86.7624
87.0046
87.2482
87.4904
87.7335
87.9783
88.223
88.4687
88.7147
88.9598
89.2059
89.4551
89.7044
89.9513
90.1996
90.4501
90.7038
90.9553
91.2061
91.4574
91.7119
91.9679
92.2245
92.4795
92.7344
92.9902
93.2491
93.5052
93.7637
94.0226
94.2826
94.5425
94.8039
95.066
95.3274
95.5912
95.8575
96.1259
96.3923
96.6595
96.9278
97.1956
97.4647
97.7349
98.0062
98.2796
98.5502
98.8213
99.0956
99.3714
99.6488
99.925
100.202
100.481
100.761
101.043
101.328
101.611
101.898
102.182
102.469
102.76
103.049
103.337
103.627
103.919
104.212
104.506
104.801
105.099
105.396
105.695
105.994
106.296
106.599
106.906
107.212
107.517
107.826
108.137
108.45
108.763
109.077
109.393
109.713
110.032
110.351
110.672
110.995
111.321
111.648
111.976
112.304
112.634
112.965
113.301
113.638
113.977
114.319
114.661
115.004
115.347
115.692
116.039
116.392
116.747
117.099
117.456
117.816
118.175
118.539
118.902
119.269
119.64
120.013
120.387
120.76
121.14
121.519
121.903
122.287
122.676
123.067
123.456
123.85
124.253
124.658
125.062
125.468
125.879
126.292
126.704
127.12
127.54
127.967
128.394
128.828
129.26
129.696
130.137
130.588
131.036
131.49
131.947
132.407
132.872
133.342
133.811
134.287
134.762
135.243
135.733
136.226
136.725
137.227
137.731
138.238
138.749
139.268
139.789
140.316
140.854
141.395
141.943
142.495
143.05
143.613
144.175
144.752
145.336
145.922
146.509
147.11
147.716
148.33
148.95
149.575
150.216
150.863
151.513
152.175
152.841
153.524
154.21
154.914
155.624
156.341
157.073
157.812
158.559
159.322
160.092
160.861
161.654
162.455
163.278
164.107
164.951
165.804
166.674
167.554
168.46
169.378
170.311
171.261
172.225
173.21
174.215
175.239
176.277
177.351
178.449
179.563
180.716
181.895
183.094
184.313
185.568
186.85
188.175
189.541
190.928
192.349
193.839
195.348
196.922
198.536
200.211
201.932
203.723
205.583
207.503
209.487
211.542
213.714
215.963
218.332
220.795
223.398
226.135
229.038
232.131
235.399
238.894
242.644
246.703
251.117
255.922
261.213
267.148
273.948
281.824
291.075
302.568
317.557
339.641
381.964
