0.000628098
0.00126434
0.00189184
0.00252465
0.0031556
0.00378453
0.00442237
0.00505664
0.00569989
0.00634111
0.00697626
0.0076155
0.00824849
0.00889038
0.00953102
0.0101775
0.0108201
0.0114657
0.012108
0.0127551
0.0133997
0.0140445
0.0146904
0.01534
0.0159902
0.0166394
0.0172901
0.0179406
0.0185889
0.0192396
0.01989
0.0205428
0.0211947
0.0218502
0.0225041
0.0231587
0.0238149
0.0244729
0.0251308
0.0257928
0.0264525
0.0271162
0.0277827
0.0284463
0.0291114
0.0297772
0.0304436
0.0311078
0.031775
0.0324464
0.0331175
0.0337814
0.0344534
0.0351243
0.0358009
0.0364804
0.0371537
0.0378308
0.0385084
0.0391944
0.03987
0.0405492
0.0412351
0.0419177
0.0426004
0.0432806
0.0439694
0.0446555
0.0453413
0.0460326
0.0467154
0.0474051
0.0480928
0.0487811
0.0494771
0.0501651
0.0508595
0.0515517
0.052248
0.052944
0.0536375
0.0543361
0.0550348
0.0557379
0.056436
0.0571421
0.0578483
0.05855
0.0592521
0.0599554
0.0606594
0.0613642
0.0620744
0.0627798
0.063487
0.0641978
0.0649088
0.0656186
0.0663307
0.0670497
0.0677647
0.0684831
0.0691969
0.0699138
0.0706335
0.0713534
0.0720759
0.0728039
0.0735239
0.0742521
0.0749801
0.0757044
0.0764336
0.0771683
0.0778959
0.078629
0.0793601
0.0800862
0.0808159
0.0815545
0.082292
0.0830275
0.083762
0.0845026
0.0852404
0.0859841
0.0867254
0.0874655
0.08821
0.0889504
0.0896999
0.0904483
0.0911951
0.0919451
0.0926939
0.0934471
0.0941977
0.0949532
0.0957106
0.0964701
0.097226
0.0979879
0.0987471
0.099508
0.100272
0.10103
0.101795
0.10256
0.10332
0.104084
0.104856
0.105625
0.106398
0.107172
0.10794
0.108704
0.109474
0.110252
0.111025
0.111802
0.112577
0.113355
0.114137
0.114924
0.115709
0.116485
0.117275
0.118063
0.118854
0.119641
0.120427
0.121214
0.122008
0.122805
0.123593
0.124388
0.125189
0.125989
0.126787
0.127594
0.128395
0.129198
0.129996
0.130796
0.131598
0.132406
0.133221
0.134027
0.134842
0.13565
0.136464
0.137289
0.138103
0.138923
0.139737
0.14056
0.141388
0.142211
0.14304
0.143864
0.144689
0.145516
0.14634
0.14717
0.148004
0.148836
0.149672
0.150504
0.151338
0.15217
0.153014
0.153853
0.154693
0.155534
0.156387
0.157234
0.158082
0.158931
0.159779
0.160619
0.161472
0.162329
0.163185
0.164042
0.164895
0.165748
0.166603
0.16747
0.168335
0.169202
0.170068
0.170938
0.171796
0.172663
0.173538
0.174404
0.175278
0.176159
0.177027
0.177908
0.178787
0.179676
0.180565
0.181445
0.182332
0.183221
0.184103
0.184992
0.185882
0.186782
0.187679
0.188577
0.189469
0.190371
0.191267
0.192177
0.193079
0.19398
0.194885
0.195797
0.196701
0.197605
0.198526
0.199435
0.200358
0.20128
0.202197
0.203116
0.204043
0.204968
0.205895
0.206815
0.207739
0.208669
0.209598
0.210535
0.21147
0.212402
0.213338
0.214278
0.215226
0.216158
0.217101
0.218037
0.218978
0.219927
0.220877
0.221831
0.222775
0.22373
0.224684
0.225647
0.226612
0.227573
0.228538
0.229508
0.230477
0.231442
0.232422
0.233392
0.234361
0.235341
0.236318
0.237305
0.238279
0.239272
0.240263
0.24125
0.242237
0.24323
0.244215
0.245207
0.246207
0.247203
0.248206
0.249201
0.250205
0.251209
0.252212
0.253218
0.25423
0.255239
0.256253
0.257272
0.258293
0.259307
0.260322
0.261347
0.262369
0.2634
0.264429
0.265468
0.2665
0.267538
0.268573
0.26962
0.270666
0.271703
0.272754
0.273799
0.274839
0.275893
0.276944
0.278003
0.279058
0.280117
0.281173
0.282234
0.283302
0.284372
0.285436
0.286499
0.287575
0.288652
0.289726
0.290811
0.29189
0.292979
0.294067
0.295156
0.296244
0.297347
0.298444
0.299545
0.300636
0.301728
0.302839
0.303941
0.305042
0.306149
0.307259
0.308368
0.309474
0.310588
0.311701
0.312822
0.313941
0.315076
0.316209
0.317334
0.318471
0.319599
0.320739
0.321884
0.323039
0.324195
0.32535
0.326507
0.327653
0.328813
0.329968
0.331132
0.332299
0.333468
0.33464
0.33581
0.33698
0.338152
0.339332
0.340508
0.341696
0.34288
0.344069
0.345269
0.346465
0.347663
0.348841
0.350047
0.351248
0.352453
0.35367
0.354866
0.356085
0.357308
0.358532
0.359755
0.360973
0.362201
0.363453
0.364682
0.365916
0.367158
0.368403
0.369655
0.370901
0.372158
0.373422
0.374685
0.375941
0.3772
0.378458
0.379724
0.380988
0.382258
0.383528
0.384814
0.386094
0.387377
0.38866
0.389951
0.391244
0.392535
0.39384
0.395144
0.396446
0.397752
0.399066
0.400376
0.401702
0.40303
0.404349
0.405676
0.407004
0.408335
0.409667
0.411004
0.412353
0.413691
0.415028
0.416383
0.417739
0.419107
0.420467
0.421836
0.423212
0.424576
0.425956
0.427324
0.428699
0.430095
0.431487
0.432879
0.43428
0.435667
0.43707
0.438484
0.439894
0.441303
0.442714
0.444144
0.445559
0.446976
0.448406
0.449842
0.451272
0.452715
0.454155
0.455605
0.457066
0.458519
0.459973
0.461435
0.462899
0.464367
0.465847
0.467326
0.468818
0.470315
0.471802
0.473284
0.474784
0.476285
0.477788
0.479296
0.480818
0.48234
0.483864
0.4854
0.486935
0.488483
0.490017
0.491572
0.493118
0.494667
0.496225
0.49779
0.499361
0.500921
0.502494
0.504064
0.505649
0.507242
0.508829
0.510409
0.512023
0.513618
0.515235
0.516853
0.518482
0.520103
0.521735
0.523378
0.525007
0.526646
0.528295
0.52994
0.531601
0.533273
0.534946
0.53661
0.538282
0.539958
0.541646
0.543347
0.545044
0.546747
0.548454
0.550159
0.551873
0.553595
0.55532
0.557054
0.558795
0.560528
0.562277
0.564029
0.565776
0.567546
0.569307
0.57107
0.572849
0.574633
0.576428
0.578222
0.580017
0.581826
0.583647
0.58545
0.587264
0.589098
0.590958
0.592794
0.594649
0.596514
0.59835
0.600218
0.602078
0.603974
0.60586
0.607765
0.609665
0.611572
0.613476
0.61539
0.617309
0.619236
0.621186
0.62313
0.625077
0.627023
0.628995
0.63097
0.632946
0.634925
0.636903
0.638883
0.640854
0.642872
0.644884
0.646902
0.648942
0.650992
0.653038
0.655076
0.657132
0.65919
0.661266
0.663337
0.665419
0.667528
0.669651
0.671766
0.673884
0.676016
0.678152
0.680304
0.68245
0.684635
0.686794
0.688966
0.691151
0.693341
0.695535
0.697751
0.699977
0.702196
0.704439
0.706687
0.70893
0.711191
0.713481
0.715737
0.718011
0.720302
0.722598
0.724919
0.727244
0.729577
0.731934
0.734272
0.73662
0.738973
0.741357
0.743738
0.746159
0.748572
0.750996
0.753421
0.755861
0.758293
0.760752
0.763222
0.76568
0.768153
0.770645
0.77315
0.775671
0.778202
0.780719
0.783281
0.785838
0.788435
0.791024
0.793618
0.79622
0.798854
0.80148
0.804104
0.806768
0.809457
0.812131
0.814831
0.81752
0.820228
0.82296
0.825682
0.828431
0.83119
0.833967
0.836768
0.839539
0.842341
0.845185
0.848018
0.850877
0.85377
0.856645
0.859552
0.862492
0.865418
0.868351
0.871336
0.874286
0.877269
0.880272
0.883319
0.886399
0.889448
0.892507
0.895591
0.898668
0.901792
0.904909
0.90805
0.911178
0.914367
0.917558
0.920785
0.923994
0.927253
0.930523
0.933802
0.937087
0.940415
0.943738
0.947075
0.950409
0.953819
0.957251
0.960673
0.96413
0.967612
0.97107
0.974575
0.978123
0.981626
0.98518
0.988757
0.992375
0.996029
0.999694
1.00334
1.00706
1.01079
1.01452
1.0183
1.02213
1.02591
1.02976
1.0336
1.0375
1.04142
1.04531
1.04927
1.05325
1.05729
1.06132
1.06537
1.06943
1.07354
1.07765
1.08178
1.08593
1.09011
1.09433
1.09858
1.10284
1.10716
1.11151
1.11591
1.12034
1.12474
1.12919
1.13365
1.13813
1.14264
1.14717
1.15177
1.1564
1.16106
1.16577
1.17048
1.17528
1.18006
1.18488
1.1897
1.19456
1.19943
1.20435
1.20932
1.21437
1.21939
1.2245
1.22957
1.23471
1.2399
1.24512
1.25034
1.25565
1.26098
1.26635
1.27174
1.27717
1.28263
1.28813
1.29367
1.29925
1.30486
1.31055
1.31629
1.322
1.32776
1.33361
1.33948
1.34539
1.35133
1.3573
1.36331
1.3694
1.37552
1.38168
1.3879
1.3942
1.40047
1.40686
1.41325
1.41965
1.42615
1.43264
1.43923
1.44591
1.45257
1.45935
1.46608
1.47286
1.47966
1.4865
1.49351
1.50053
1.50755
1.51471
1.52191
1.52916
1.53651
1.54387
1.55129
1.55869
1.56628
1.57384
1.58148
1.58923
1.59697
1.60481
1.61266
1.62065
1.62877
1.63684
1.64504
1.65335
1.66164
1.67
1.67846
1.68693
1.6955
1.70415
1.7129
1.72171
1.73053
1.7395
1.74849
1.75756
1.76677
1.77606
1.78541
1.79483
1.80434
1.81395
1.82368
1.83344
1.84329
1.85329
1.86327
1.87341
1.88358
1.89388
1.90422
1.91478
1.92538
1.936
1.94669
1.95754
1.96852
1.97967
1.99086
2.00215
2.0136
2.02511
2.03667
2.04836
2.06027
2.07216
2.0842
2.09642
2.1088
2.12129
2.13396
2.14677
2.15966
2.17254
2.18568
2.19889
2.21234
2.22578
2.23943
2.25317
2.26721
2.28122
2.29543
2.30983
2.32444
2.33928
2.35425
2.36931
2.38474
2.40021
2.4158
2.43161
2.4477
2.4638
2.48013
2.49671
2.51351
2.5305
2.5476
2.56506
2.58269
2.60061
2.61854
2.63698
2.65557
2.67438
2.69328
2.71269
2.73228
2.75209
2.77234
2.79272
2.81357
2.83479
2.85607
2.87779
2.89973
2.92188
2.94448
2.9674
2.99083
3.01444
3.03853
3.06323
3.08818
3.11354
3.13919
3.16518
3.19192
3.21897
3.24654
3.27472
3.30297
3.3317
3.3615
3.3917
3.42233
3.45352
3.48515
3.51737
3.55041
3.58405
3.61834
3.65348
3.68937
3.72616
3.76348
3.80176
3.84094
3.88093
3.92187
3.96369
4.0068
4.0504
4.0953
4.14117
4.18839
4.23691
4.28666
4.33808
4.39115
4.44585
4.5017
4.55958
4.61891
4.68042
4.74426
4.80999
4.87757
4.94746
5.02003
5.09619
5.17547
5.25768
5.34353
5.43304
5.52621
5.62485
5.7284
5.83753
5.95333
6.07559
6.20527
6.34293
6.48937
6.64951
6.82032
7.00463
7.2089
7.43388
7.68567
7.96772
8.29266
8.67298
9.12976
9.70268
10.472
11.629
13.9438
