0.0245828
0.0489459
0.0735276
0.0985654
0.12371
0.149016
0.174502
0.200106
0.225643
0.251642
0.277436
0.30362
0.330269
0.356874
0.383645
0.410786
0.4377
0.465047
0.492487
0.519982
0.547745
0.575649
0.603799
0.632138
0.660514
0.68917
0.71824
0.747466
0.777001
0.806698
0.836408
0.866478
0.896406
0.927045
0.957623
0.98837
1.01931
1.05049
1.08204
1.11324
1.14475
1.17699
1.20959
1.24239
1.27509
1.30829
1.34123
1.37485
1.40855
1.44259
1.47678
1.51091
1.54526
1.58015
1.61526
1.65013
1.68523
1.72055
1.75647
1.7925
1.82864
1.86526
1.90197
1.93865
1.9757
2.01289
2.05054
2.08868
2.12672
2.16464
2.20322
2.24196
2.28066
2.31955
2.35895
2.39817
2.43787
2.47777
2.51794
2.55839
2.59888
2.63997
2.68072
2.72212
2.76354
2.80509
2.84692
2.88904
2.93119
2.97371
3.01614
3.0588
3.10214
3.14538
3.18919
3.23325
3.2773
3.32163
3.36618
3.4114
3.45659
3.50182
3.54767
3.59343
3.63914
3.68511
3.73169
3.77819
3.82519
3.87221
3.91957
3.96722
4.0147
4.06298
4.11128
4.15971
4.20806
4.25721
4.30666
4.35603
4.40582
4.4558
4.50553
4.55544
4.60593
4.65693
4.70753
4.75903
4.81049
4.86231
4.91396
4.96592
5.01812
5.07074
5.12336
5.17636
5.22991
5.28326
5.33726
5.39151
5.44618
5.50085
5.55518
5.61024
5.66517
5.72042
5.7762
5.83165
5.88837
5.94478
6.0013
6.05786
6.11508
6.17238
6.22963
6.28789
6.34606
6.40449
6.46268
6.52147
6.58044
6.63915
6.69895
6.75859
6.81826
6.87914
6.9395
7.00061
7.06197
7.12295
7.18466
7.24609
7.30839
7.36998
7.43216
7.49464
7.55777
7.6212
7.68449
7.74883
7.81281
7.87687
7.94163
8.00659
8.07147
8.13733
8.20288
8.26839
8.33475
8.40134
8.46875
8.53556
8.60252
8.67015
8.73802
8.80569
8.87432
8.94328
9.01205
9.08084
9.15046
9.22034
9.29031
9.36049
9.43085
9.50205
9.57284
9.64401
9.71576
9.78744
9.8594
9.93158
10.0042
10.0775
10.1506
10.2237
10.2971
10.3709
10.4453
10.5203
10.5947
10.6698
10.7447
10.8202
10.8955
10.9722
11.0485
11.1255
11.2026
11.28
11.3581
11.4365
11.5142
11.593
11.6716
11.7504
11.8301
11.9099
11.9894
12.0692
12.1505
12.231
12.3122
12.3934
12.4757
12.5576
12.64
12.723
12.8056
12.8884
12.9722
13.0563
13.1405
13.2246
13.3091
13.394
13.4796
13.5651
13.651
13.7373
13.8238
13.9109
13.9983
14.0858
14.1737
14.2624
14.3516
14.4402
14.5295
14.6193
14.7088
14.7988
14.8904
14.9813
15.0727
15.1649
15.2567
15.3498
15.443
15.5358
15.6285
15.7214
15.8154
15.9097
16.0041
16.0989
16.194
16.2902
16.386
16.482
16.5787
16.6754
16.7723
16.8694
16.9677
17.0661
17.1654
17.2642
17.3631
17.4619
17.5619
17.6614
17.7628
17.8636
17.9651
18.067
18.1685
18.2711
18.3732
18.4768
18.5808
18.6845
18.7894
18.8934
18.9993
19.1053
19.2113
19.3175
19.424
19.5313
19.6395
19.7471
19.8554
19.9645
20.0726
20.1812
20.2902
20.3999
20.51
20.6205
20.7317
20.8438
20.9556
21.0668
21.1801
21.2938
21.4074
21.5214
21.6352
21.7496
21.8643
21.9787
22.0941
22.2095
22.3259
22.4433
22.5613
22.6801
22.798
22.9166
23.0362
23.1558
23.2755
23.3955
23.5162
23.6369
23.7583
23.8799
24.002
24.125
24.2483
24.3715
24.495
24.62
24.7442
24.8688
24.9942
25.1193
25.2454
25.3708
25.4979
25.6256
25.7539
25.8823
26.0116
26.1414
26.2706
26.401
26.532
26.6641
26.7959
26.9281
27.0598
27.1916
27.3248
27.4582
27.5935
27.7272
27.8622
27.9979
28.1346
28.2715
28.4076
28.546
28.6843
28.8233
28.9627
29.1019
29.2417
29.3816
29.5205
29.6629
29.8049
29.9476
30.0903
30.2353
30.3787
30.5238
30.6697
30.8149
30.9607
31.1072
31.2547
31.4024
31.5505
31.6987
31.8481
31.9973
32.1471
32.2978
32.4484
32.6013
32.7536
32.9064
33.0578
33.2116
33.3661
33.5203
33.6754
33.8301
33.985
34.1403
34.2979
34.4565
34.6143
34.7741
34.9342
35.0953
35.2569
35.4168
35.579
35.7425
35.9055
36.0689
36.2319
36.3961
36.5626
36.7272
36.8934
37.0596
37.2266
37.3939
37.5622
37.7315
37.9016
38.071
38.2408
38.4123
38.5839
38.7556
38.9284
39.1015
39.2764
39.452
39.6281
39.8042
39.9825
40.1595
40.3368
40.5144
40.6939
40.8718
41.0522
41.2339
41.4143
41.5979
41.7805
41.9637
42.1485
42.333
42.5176
42.7035
42.8916
43.0773
43.2656
43.4543
43.6445
43.8333
44.0244
44.2147
44.4084
44.6021
44.7951
44.9887
45.1854
45.3818
45.578
45.7743
45.9731
46.1703
46.3697
46.5696
46.7706
46.9724
47.1747
47.3794
47.5833
47.7867
47.9906
48.1966
48.4026
48.6092
48.8178
49.027
49.2342
49.4439
49.6546
49.8663
50.0787
50.2904
50.5042
50.7174
50.9314
51.1475
51.3631
51.58
51.7962
52.0145
52.2347
52.4561
52.6779
52.8999
53.1218
53.3458
53.5701
53.7951
54.0207
54.2456
54.4729
54.7015
54.9306
55.1606
55.3906
55.6212
55.8545
56.087
56.3212
56.5547
56.791
57.03
57.2696
57.5106
57.7496
57.9892
58.2331
58.4765
58.7204
58.9658
59.2093
59.4555
59.7048
59.9534
60.203
60.4523
60.7031
60.9569
61.2098
61.4644
61.7181
61.9734
62.2286
62.4853
62.7428
63.0022
63.2632
63.5237
63.786
64.0482
64.3127
64.5768
64.842
65.1073
65.3773
65.645
65.9148
66.1873
66.4609
66.7321
67.0069
67.2814
67.5598
67.8377
68.1155
68.3938
68.6774
68.9611
69.2442
69.5291
69.8136
70.0991
70.3856
70.6756
70.9669
71.2554
71.5474
71.8395
72.1308
72.4234
72.7186
73.0185
73.3161
73.6166
73.9181
74.2199
74.5225
74.8255
75.1296
75.4355
75.7437
76.0528
76.3623
76.6742
76.9862
77.3017
77.6177
77.9358
78.2538
78.574
78.8953
79.2183
79.5413
79.8649
80.1907
80.5188
80.8469
81.1777
81.5093
81.8438
82.1764
82.5102
82.8441
83.1811
83.5162
83.8576
84.2001
84.5418
84.8854
85.2335
85.5796
85.9297
86.2823
86.6326
86.9837
87.3386
87.6965
88.0519
88.4091
88.7707
89.1373
89.5007
89.8645
90.2319
90.6015
90.9686
91.3367
91.7121
92.0897
92.463
92.8452
93.2254
93.6043
93.9842
94.3674
94.7571
95.1484
95.5409
95.9325
96.3236
96.7169
97.1118
97.5103
97.9093
98.3092
98.7146
99.1216
99.5265
99.9334
100.344
100.758
101.17
101.584
102.003
102.418
102.84
103.261
103.687
104.118
104.544
104.975
105.41
105.843
106.282
106.716
107.156
107.603
108.047
108.494
108.941
109.39
109.845
110.302
110.758
111.216
111.673
112.136
112.602
113.069
113.536
114.008
114.483
114.958
115.441
115.919
116.402
116.891
117.377
117.866
118.356
118.857
119.355
119.854
120.36
120.865
121.374
121.884
122.397
122.907
123.422
123.943
124.466
124.998
125.527
126.062
126.594
127.135
127.675
128.216
128.761
129.306
129.858
130.415
130.97
131.529
132.091
132.661
133.227
133.8
134.37
134.943
135.517
136.099
136.69
137.281
137.873
138.465
139.061
139.665
140.27
140.88
141.492
142.104
142.726
143.347
143.975
144.605
145.235
145.873
146.516
147.157
147.806
148.457
149.111
149.771
150.435
151.101
151.767
152.436
153.111
153.786
154.463
155.155
155.841
156.539
157.239
157.943
158.658
159.373
160.095
160.812
161.539
162.271
163.011
163.747
164.493
165.236
165.984
166.745
167.506
168.273
169.049
169.829
170.613
171.399
172.189
172.989
173.787
174.596
175.409
176.224
177.053
177.879
178.71
179.551
180.395
181.245
182.098
182.956
183.828
184.704
185.584
186.467
187.362
188.254
189.167
190.082
190.992
191.916
192.844
193.781
194.727
195.677
196.637
197.598
198.571
199.545
200.533
201.523
202.529
203.545
204.557
205.58
206.607
207.653
208.694
209.745
210.813
211.899
212.988
214.083
215.173
216.287
217.409
218.53
219.661
220.817
221.98
223.141
224.326
225.505
226.693
227.902
229.116
230.336
231.582
232.826
234.086
235.357
236.643
237.949
239.262
240.593
241.924
243.271
244.617
245.993
247.386
248.788
250.204
251.623
253.067
254.515
255.983
257.463
258.959
260.455
261.972
263.52
265.08
266.651
268.238
269.852
271.478
273.139
274.794
276.487
278.187
279.905
281.647
283.406
285.188
286.987
288.823
290.665
292.533
294.432
296.36
298.3
300.27
302.256
304.289
306.318
308.379
310.46
312.593
314.75
316.97
319.192
321.461
323.756
326.059
328.408
330.805
333.236
335.691
338.192
340.712
343.298
345.937
348.628
351.335
354.113
356.899
359.778
362.722
365.691
368.747
371.814
374.983
378.181
381.446
384.806
388.218
391.696
395.268
398.932
402.673
406.49
410.411
414.419
418.527
422.727
427.041
431.486
436.024
440.716
445.497
450.442
455.589
460.837
466.274
471.93
477.748
483.771
490.069
496.589
503.367
510.408
517.789
525.447
533.537
542.028
550.945
560.308
570.218
580.747
592.104
604.196
617.255
631.411
646.812
663.734
682.54
703.873
728.264
756.584
790.367
832.535
889.055
973.41
1141.41
