13.4434
16.379
18.2861
19.7627
20.9999
22.0739
23.0351
23.9065
24.7105
25.4652
26.1683
26.8355
27.464
28.0674
28.6539
29.2125
29.7505
30.2757
30.7852
31.2785
31.7603
32.2226
32.6751
33.1161
33.5493
33.9718
34.3899
34.7947
35.194
35.5889
35.9761
36.3589
36.7282
37.0999
37.4647
37.8207
38.1717
38.5196
38.8673
39.2095
39.5462
39.8797
40.2081
40.5352
40.8556
41.1768
41.4934
41.8062
42.1151
42.4201
42.7259
43.0314
43.3308
43.6279
43.923
44.217
44.5083
44.7956
45.0821
45.3675
45.6494
45.9316
46.2097
46.4892
46.7663
47.0414
47.3162
47.5871
47.8565
48.1255
48.3938
48.6598
48.9221
49.1868
49.4484
49.7108
49.9692
50.2258
50.4828
50.7397
50.993
51.2462
51.4994
51.751
52.0021
52.2517
52.5004
52.7471
52.9938
53.2414
53.4859
53.7317
53.9785
54.2243
54.4692
54.7109
54.9545
55.195
55.4335
55.6727
55.9123
56.1497
56.3867
56.6241
56.8607
57.0954
57.3303
57.5657
57.8017
58.0362
58.2704
58.5023
58.7362
58.9687
59.2
59.4315
59.6617
59.8924
60.1237
60.3533
60.5854
60.8161
61.0449
61.2743
61.5041
61.7312
61.9577
62.1864
62.4134
62.6409
62.8685
63.0927
63.3191
63.5458
63.7701
63.9961
64.2216
64.4468
64.6712
64.8975
65.1235
65.3479
65.5736
65.7998
66.0247
66.2489
66.4744
66.6989
66.9214
67.1445
67.3684
67.5926
67.8172
68.0402
68.2636
68.485
68.7065
68.9284
69.1516
69.374
69.5957
69.8193
70.0418
70.2658
70.4873
70.7104
70.9344
71.1561
71.3801
71.6023
71.826
72.0493
72.2715
72.4928
72.7159
72.9405
73.1623
73.3865
73.6111
73.8328
74.0572
74.2797
74.5023
74.7249
74.9484
75.1737
75.3974
75.6221
75.847
76.0724
76.2944
76.5183
76.7441
76.9701
77.1975
77.4228
77.6483
77.8736
78.0998
78.326
78.5524
78.7782
79.005
79.2328
79.4588
79.6863
79.9147
80.1439
80.3731
80.6032
80.8328
81.0619
81.2901
81.5192
81.7496
81.9797
82.2084
82.439
82.67
82.8998
83.1326
83.3648
83.5952
83.8265
84.0611
84.2929
84.5254
84.7576
84.9914
85.2259
85.4623
85.6963
85.933
86.1692
86.4056
86.6412
86.8778
87.1169
87.3554
87.5941
87.8332
88.0728
88.3132
88.5534
88.7912
89.0334
89.2762
89.519
89.7607
90.0054
90.2493
90.493
90.7366
90.9824
91.2273
91.4726
91.7203
91.967
92.214
92.4645
92.7162
92.9663
93.2156
93.4652
93.7165
93.9682
94.2224
94.4764
94.7289
94.9821
95.2369
95.4918
95.7479
96.0062
96.2637
96.5188
96.7747
97.0337
97.293
97.5527
97.815
98.0776
98.3436
98.6083
98.87
99.1339
99.3995
99.6645
99.9315
100.198
100.468
100.739
101.009
101.281
101.553
101.828
102.104
102.381
102.654
102.929
103.206
103.486
103.767
104.045
104.325
104.607
104.892
105.177
105.462
105.747
106.038
106.327
106.615
106.904
107.195
107.489
107.782
108.078
108.375
108.673
108.973
109.274
109.574
109.877
110.178
110.481
110.786
111.093
111.4
111.711
112.023
112.337
112.649
112.963
113.281
113.595
113.916
114.236
114.559
114.881
115.205
115.532
115.86
116.191
116.524
116.857
117.189
117.527
117.867
118.21
118.553
118.898
119.244
119.591
119.946
120.298
120.655
121.013
121.372
121.733
122.095
122.458
122.825
123.193
123.563
123.937
124.315
124.691
125.072
125.454
125.839
126.227
126.615
127.005
127.395
127.789
128.192
128.594
129.002
129.413
129.825
130.237
130.649
131.07
131.492
131.916
132.344
132.776
133.21
133.647
134.09
134.538
134.985
135.437
135.889
136.345
136.808
137.273
137.745
138.216
138.697
139.18
139.665
140.158
140.656
141.152
141.653
142.161
142.677
143.195
143.717
144.249
144.787
145.333
145.881
146.43
146.987
147.552
148.12
148.698
149.28
149.867
150.468
151.066
151.675
152.295
152.922
153.55
154.192
154.843
155.505
156.174
156.853
157.542
158.231
158.932
159.642
160.364
161.096
161.841
162.596
163.367
164.146
164.933
165.728
166.548
167.378
168.22
169.084
169.966
170.86
171.773
172.699
173.651
174.617
175.603
176.608
177.626
178.676
179.748
180.845
181.966
183.112
184.296
185.515
186.764
188.029
189.341
190.688
192.078
193.51
194.986
196.522
198.105
199.741
201.446
203.218
205.036
206.945
208.926
211.014
213.19
215.504
217.925
220.495
223.237
226.175
229.315
232.713
236.407
240.422
244.892
249.861
255.492
261.986
269.668
279.263
291.678
310.013
345.241
