0.0638508
0.128562
0.192852
0.256731
0.321731
0.386977
0.451987
0.517303
0.582607
0.647906
0.713081
0.779157
0.844604
0.909688
0.975068
1.04107
1.10711
1.17299
1.23907
1.30468
1.37098
1.43677
1.50311
1.56914
1.63576
1.70239
1.76945
1.83594
1.90335
1.96986
2.0367
2.10418
2.17141
2.23874
2.30599
2.37359
2.44129
2.50862
2.5764
2.64448
2.71234
2.78002
2.84805
2.91598
2.984
3.05217
3.12071
3.18997
3.25829
3.32725
3.39632
3.46441
3.53354
3.60275
3.67191
3.74064
3.80968
3.87887
3.94833
4.01763
4.08758
4.15689
4.22659
4.29644
4.3661
4.43685
4.50652
4.57749
4.64764
4.71771
4.78855
4.85954
4.92989
5.0004
5.07131
5.14265
5.21412
5.28506
5.35608
5.42675
5.49831
5.56992
5.64125
5.71327
5.78593
5.85804
5.93076
6.00288
6.07486
6.14768
6.22019
6.29266
6.36582
6.43858
6.51151
6.58451
6.65778
6.73113
6.80451
6.87818
6.95148
7.02423
7.098
7.17212
7.24572
7.32043
7.39452
7.46891
7.54288
7.61767
7.69195
7.76623
7.84053
7.91562
7.99052
8.0649
8.14024
8.21528
8.29108
8.3669
8.44283
8.5181
8.59305
8.66884
8.74397
8.82087
8.89686
8.97324
9.04955
9.12571
9.20212
9.27904
9.35606
9.43338
9.51003
9.58817
9.66604
9.743
9.81934
9.89754
9.97547
10.0538
10.1319
10.21
10.2883
10.3665
10.4452
10.5239
10.6026
10.6812
10.7598
10.8391
10.9182
10.998
11.0775
11.1564
11.2363
11.3159
11.3947
11.4739
11.5537
11.6335
11.7135
11.7937
11.8746
11.9556
12.0366
12.117
12.1982
12.2791
12.3601
12.4411
12.5224
12.6049
12.6866
12.7684
12.8501
12.9331
13.0158
13.0983
13.1809
13.263
13.3459
13.4287
13.5112
13.5942
13.6779
13.7611
13.8451
13.9283
14.0123
14.0967
14.181
14.2647
14.3486
14.4335
14.5178
14.6028
14.6876
14.7728
14.858
14.9436
15.0292
15.1148
15.2007
15.2869
15.3734
15.4594
15.5445
15.6306
15.7171
15.804
15.8903
15.9769
16.0637
16.151
16.2383
16.3257
16.4136
16.5017
16.5897
16.6787
16.7672
16.8553
16.944
17.033
17.1224
17.2117
17.3006
17.3898
17.479
17.5685
17.6584
17.7494
17.8406
17.9308
18.0205
18.1112
18.2019
18.2923
18.383
18.4746
18.5655
18.6568
18.7479
18.8394
18.9313
19.0238
19.1163
19.2086
19.3022
19.3953
19.488
19.5801
19.6728
19.7659
19.8592
19.9521
20.046
20.1404
20.234
20.3293
20.4237
20.518
20.613
20.7078
20.8018
20.8967
20.9917
21.0882
21.1838
21.2799
21.3764
21.4726
21.5687
21.6666
21.764
21.8612
21.9581
22.0548
22.1514
22.2491
22.3472
22.4451
22.5439
22.6425
22.7401
22.8388
22.938
23.0362
23.1356
23.2343
23.3336
23.4338
23.5341
23.6338
23.7342
23.8343
23.935
24.0369
24.1377
24.2395
24.3413
24.4421
24.5439
24.6453
24.7472
24.8497
24.9516
25.0548
25.1579
25.261
25.365
25.4689
25.5724
25.6762
25.78
25.8849
25.9899
26.0942
26.1992
26.3041
26.4098
26.5149
26.6214
26.7276
26.8335
26.9397
27.0467
27.1534
27.2607
27.3664
27.4742
27.5811
27.6895
27.7975
27.9062
28.0145
28.1233
28.2329
28.3416
28.4499
28.5589
28.6693
28.7794
28.8891
29.0005
29.1103
29.2201
29.3313
29.4424
29.5543
29.6659
29.7779
29.89
30.0026
30.1143
30.2266
30.3401
30.4536
30.5669
30.6805
30.7948
30.9091
31.0239
31.1388
31.2545
31.3699
31.4859
31.6006
31.7165
31.8323
31.9476
32.0648
32.1816
32.2991
32.4153
32.5322
32.6493
32.768
32.8864
33.0056
33.1238
33.2415
33.361
33.4812
33.6026
33.7233
33.8431
33.9647
34.0851
34.2069
34.3286
34.4505
34.573
34.6955
34.8171
34.9394
35.0622
35.1854
35.3099
35.4337
35.5574
35.682
35.8073
35.9327
36.0577
36.1824
36.3083
36.434
36.5597
36.6882
36.8154
36.9429
37.0706
37.1976
37.3255
37.4527
37.5813
37.7116
37.8411
37.97
38.1007
38.2311
38.3621
38.4938
38.626
38.7575
38.8886
39.0216
39.1539
39.2866
39.421
39.5523
39.6855
39.8191
39.954
40.0889
40.2247
40.3598
40.4956
40.6314
40.7667
40.903
41.0399
41.178
41.3146
41.4538
41.5914
41.7309
41.8705
42.0116
42.1499
42.2901
42.4306
42.5712
42.711
42.8516
42.9939
43.1376
43.2806
43.4232
43.5658
43.7088
43.8535
43.9973
44.1415
44.2866
44.4319
44.5773
44.7238
44.8699
45.0175
45.1652
45.3132
45.4613
45.61
45.7595
45.909
46.0574
46.2079
46.3588
46.5092
46.661
46.8126
46.9651
47.1173
47.2696
47.4229
47.5782
47.7324
47.8868
48.0417
48.197
48.3532
48.5089
48.6652
48.8235
48.9819
49.1405
49.2986
49.4581
49.6177
49.7776
49.9378
50.0998
50.2611
50.4237
50.5852
50.7474
50.9113
51.0752
51.2378
51.4023
51.5673
51.7325
51.8991
52.0638
52.2323
52.3996
52.568
52.7362
52.9045
53.0741
53.2443
53.4145
53.5859
53.7577
53.9291
54.1004
54.2729
54.4458
54.6176
54.7911
54.965
55.1405
55.3167
55.4925
55.6693
55.8466
56.0251
56.2034
56.3836
56.5628
56.7441
56.9256
57.1067
57.2886
57.4714
57.6556
57.8412
58.0257
58.2121
58.3974
58.5859
58.7736
58.9621
59.151
59.3394
59.5277
59.718
59.9096
60.1006
60.293
60.4864
60.6814
60.8752
61.0713
61.2685
61.4658
61.6619
61.8594
62.0567
62.255
62.452
62.6508
62.8522
63.0538
63.2572
63.462
63.6656
63.8703
64.0743
64.2794
64.4851
64.6914
64.8991
65.1098
65.3181
65.5284
65.7385
65.9506
66.1634
66.3788
66.5922
66.8067
67.0226
67.2401
67.4585
67.6773
67.8957
68.1155
68.335
68.5556
68.778
68.9999
69.2226
69.447
69.6721
69.8986
70.1272
70.3568
70.5846
70.8154
71.0484
71.28
71.5129
71.7463
71.9818
72.2144
72.4503
72.6896
72.9268
73.1644
73.4068
73.6482
73.8889
74.1311
74.3747
74.6201
74.8654
75.1142
75.3625
75.6119
75.8613
76.1126
76.3663
76.6205
76.8757
77.1335
77.3909
77.6487
77.9106
78.1717
78.4337
78.6956
78.9592
79.2264
79.4914
79.7588
80.0273
80.2984
80.5712
80.8435
81.1174
81.3926
81.6671
81.947
82.2292
82.508
82.7909
83.0739
83.3582
83.6466
83.9328
84.2238
84.5127
84.8024
85.0936
85.3878
85.6826
85.9796
86.2805
86.5774
86.8777
87.1808
87.4866
87.7933
88.0988
88.4069
88.7195
89.0294
89.3445
89.6606
89.9784
90.2993
90.6191
90.9421
91.267
91.5935
91.9233
92.2559
92.585
92.9174
93.2526
93.59
93.9297
94.2734
94.616
94.961
95.3106
95.6589
96.0115
96.3661
96.7223
97.0793
97.4411
97.8036
98.1675
98.5339
98.9002
99.2703
99.6416
100.013
100.388
100.766
101.149
101.533
101.92
102.309
102.699
103.091
103.485
103.884
104.286
104.685
105.093
105.502
105.916
106.33
106.749
107.169
107.593
108.02
108.45
108.874
109.306
109.742
110.182
110.621
111.068
111.514
111.959
112.415
112.871
113.328
113.79
114.254
114.728
115.195
115.664
116.139
116.626
117.109
117.593
118.084
118.576
119.066
119.564
120.065
120.57
121.084
121.599
122.115
122.632
123.161
123.692
124.228
124.766
125.305
125.849
126.401
126.951
127.505
128.062
128.628
129.194
129.763
130.337
130.915
131.502
132.084
132.677
133.274
133.87
134.476
135.083
135.694
136.313
136.934
137.564
138.198
138.835
139.478
140.124
140.77
141.426
142.089
142.752
143.424
144.1
144.78
145.464
146.162
146.862
147.565
148.271
148.981
149.697
150.426
151.154
151.889
152.633
153.38
154.134
154.895
155.667
156.433
157.214
157.997
158.783
159.576
160.377
161.18
161.998
162.818
163.641
164.476
165.319
166.17
167.031
167.882
168.751
169.632
170.515
171.405
172.305
173.215
174.13
175.062
175.999
176.936
177.88
178.833
179.803
180.774
181.761
182.749
183.752
184.761
185.776
186.8
187.839
188.89
189.943
191.009
192.084
193.17
194.257
195.37
196.483
197.621
198.766
199.923
201.094
202.269
203.453
204.639
205.851
207.073
208.308
209.563
210.818
212.094
213.373
214.669
215.997
217.323
218.662
220.024
221.39
222.775
224.173
225.588
227.014
228.457
229.925
231.408
232.904
234.42
235.943
237.501
239.079
240.665
242.28
243.922
245.579
247.251
248.947
250.649
252.389
254.144
255.912
257.719
259.538
261.383
263.261
265.179
267.091
269.047
271.022
273.037
275.071
277.124
279.201
281.315
283.465
285.643
287.868
290.12
292.415
294.732
297.098
299.507
301.959
304.418
306.91
309.463
312.044
314.677
317.371
320.118
322.906
325.74
328.667
331.583
334.572
337.62
340.717
343.862
347.09
350.401
353.779
357.234
360.713
364.264
367.897
371.628
375.443
379.345
383.276
387.371
391.533
395.799
400.184
404.683
409.275
413.983
418.841
423.84
428.953
434.241
439.686
445.274
451.057
456.994
463.09
469.435
476.004
482.801
489.792
497.11
504.76
512.657
520.907
529.518
538.425
547.813
557.662
567.941
578.916
590.329
602.481
615.403
629.194
643.94
659.711
676.813
695.439
715.923
738.336
763.194
791.311
823.723
861.798
907.854
964.891
1042.06
1157.13
1388.92
