8.15505
10.0284
11.2799
12.2711
13.1112
13.8541
14.5234
15.1393
15.7099
16.2437
16.7588
17.2518
17.7253
18.1807
18.6231
19.0478
19.4599
19.8587
20.2468
20.63
21.0047
21.3735
21.7305
22.087
22.4339
22.774
23.1118
23.4443
23.7723
24.0979
24.4164
24.7325
25.0461
25.3542
25.6619
25.9642
26.2641
26.5612
26.8547
27.15
27.4398
27.7296
28.0164
28.3033
28.5875
28.8675
29.1471
29.4239
29.6999
29.9757
30.2513
30.5241
30.7956
31.0674
31.3363
31.6065
31.8695
32.1317
32.3962
32.6584
32.9204
33.179
33.4405
33.6997
33.9585
34.2161
34.4713
34.7287
34.9855
35.24
35.494
35.7472
36.0006
36.254
36.5092
36.7624
37.0137
37.2663
37.5167
37.769
38.0179
38.266
38.5159
38.7649
39.0108
39.2592
39.5063
39.7538
40.001
40.2495
40.4951
40.7412
40.987
41.2334
41.4797
41.7256
41.972
42.2154
42.461
42.7071
42.953
43.1977
43.4409
43.6853
43.9304
44.1764
44.4206
44.6671
44.9112
45.1584
45.4018
45.6493
45.8948
46.1388
46.384
46.6308
46.8754
47.121
47.3662
47.6124
47.8562
48.1032
48.348
48.5958
48.8417
49.0842
49.33
49.5755
49.8232
50.0697
50.3187
50.566
50.814
51.0595
51.3051
51.5532
51.8003
52.0466
52.2954
52.5439
52.7934
53.0428
53.2917
53.5398
53.7884
54.0387
54.2889
54.5378
54.7888
55.0387
55.2899
55.5395
55.791
56.0426
56.2938
56.5484
56.8017
57.0536
57.3072
57.5619
57.8167
58.074
58.3271
58.5832
58.8377
59.0917
59.3488
59.6082
59.8655
60.125
60.3845
60.6419
60.9018
61.1628
61.4236
61.6849
61.949
62.2097
62.4717
62.7341
62.9986
63.2628
63.527
63.7919
64.0571
64.3229
64.5887
64.8574
65.1247
65.3931
65.6594
65.9292
66.198
66.4659
66.737
67.0084
67.2827
67.5536
67.826
68.1004
68.3732
68.6491
68.9252
69.2017
69.4783
69.757
70.0336
70.3133
70.5898
70.8718
71.153
71.4306
71.71
71.9925
72.2765
72.5597
72.8459
73.1293
73.4145
73.7013
73.9895
74.277
74.564
74.8548
75.1455
75.4358
75.7272
76.0203
76.3112
76.6052
76.9006
77.196
77.4911
77.7862
78.0837
78.3838
78.6821
78.9811
79.283
79.5845
79.8891
80.1912
80.498
80.8024
81.1099
81.4171
81.7262
82.0351
82.3461
82.6556
82.9682
83.2814
83.5951
83.9093
84.2222
84.5398
84.858
85.1795
85.4981
85.819
86.141
86.4631
86.7883
87.1131
87.4416
87.7709
88.0996
88.4279
88.7535
89.0867
89.4235
89.7605
90.0948
90.4325
90.7703
91.1068
91.45
91.7928
92.1378
92.4822
92.8291
93.1774
93.528
93.8756
94.226
94.578
94.9328
95.2876
95.6424
96.0013
96.3594
96.7197
97.0808
97.4458
97.8115
98.1809
98.5482
98.9183
99.2878
99.6581
100.033
100.41
100.788
101.168
101.552
101.931
102.313
102.699
103.085
103.475
103.865
104.257
104.651
105.047
105.44
105.841
106.244
106.651
107.057
107.461
107.871
108.281
108.694
109.109
109.523
109.941
110.358
110.782
111.207
111.639
112.071
112.497
112.927
113.362
113.797
114.235
114.68
115.128
115.573
116.023
116.475
116.93
117.385
117.844
118.305
118.771
119.237
119.705
120.179
120.656
121.135
121.614
122.097
122.583
123.075
123.568
124.058
124.556
125.057
125.561
126.071
126.585
127.103
127.619
128.138
128.663
129.186
129.715
130.25
130.789
131.333
131.876
132.431
132.984
133.54
134.103
134.663
135.229
135.797
136.373
136.954
137.535
138.125
138.713
139.317
139.92
140.529
141.136
141.751
142.364
142.988
143.619
144.258
144.9
145.546
146.201
146.862
147.521
148.193
148.866
149.551
150.241
150.93
151.634
152.335
153.042
153.759
154.49
155.226
155.961
156.708
157.461
158.221
158.992
159.774
160.563
161.359
162.159
162.966
163.783
164.605
165.442
166.29
167.149
168.016
168.897
169.782
170.678
171.588
172.514
173.457
174.399
175.353
176.318
177.301
178.303
179.302
180.324
181.364
182.422
183.496
184.583
185.678
186.783
187.918
189.068
190.241
191.436
192.65
193.897
195.155
196.422
197.721
199.048
200.402
201.795
203.193
204.622
206.083
207.569
209.092
210.648
212.241
213.874
215.559
217.28
219.037
220.844
222.699
224.615
226.586
228.631
230.731
232.89
235.143
237.463
239.886
242.379
244.993
247.704
250.526
253.5
256.625
259.858
263.295
266.991
270.879
275.036
279.54
284.441
289.712
295.552
302.018
309.325
317.748
327.678
339.845
355.805
379.012
422.674
