0.0494002
0.0986029
0.148089
0.197905
0.247743
0.297607
0.347746
0.397447
0.447301
0.496853
0.546905
0.597616
0.647706
0.698091
0.74831
0.799253
0.849683
0.900255
0.950788
1.001
1.05157
1.10201
1.15297
1.20415
1.25527
1.30589
1.3573
1.40855
1.46019
1.51145
1.56286
1.61384
1.66574
1.7173
1.76851
1.82061
1.87276
1.92473
1.97648
2.02807
2.07997
2.13212
2.18454
2.23706
2.28907
2.34149
2.39428
2.44697
2.49947
2.55199
2.60467
2.65737
2.71068
2.76339
2.81625
2.86912
2.92177
2.97496
3.02798
3.08166
3.13492
3.1884
3.24183
3.29475
3.34862
3.4028
3.45717
3.5108
3.56481
3.61878
3.67255
3.7266
3.78082
3.83554
3.88951
3.94455
3.99891
4.0538
4.10891
4.16406
4.21873
4.27317
4.32836
4.38302
4.43855
4.49356
4.54845
4.60338
4.65874
4.71381
4.76967
4.82571
4.88137
4.93753
4.99363
5.04908
5.10553
5.16134
5.21745
5.27337
5.32948
5.38627
5.44247
5.49823
5.55471
5.61126
5.668
5.72489
5.78133
5.83872
5.89613
5.95305
6.01014
6.06774
6.12546
6.18308
6.24103
6.29888
6.35692
6.41468
6.47238
6.53018
6.58832
6.64626
6.70423
6.76268
6.82087
6.87954
6.93814
6.9965
7.05513
7.11432
7.17271
7.23144
7.29043
7.34942
7.4085
7.46779
7.52685
7.5864
7.64607
7.70534
7.76484
7.82462
7.88436
7.94391
8.00445
8.0644
8.12448
8.18471
8.24524
8.30633
8.36709
8.42751
8.48832
8.54946
8.61004
8.67093
8.73205
8.79359
8.85518
8.91612
8.97791
9.03936
9.10086
9.16241
9.22382
9.28539
9.34757
9.41
9.47247
9.5345
9.59683
9.65923
9.72215
9.78501
9.84788
9.91043
9.97369
10.0364
10.0995
10.163
10.2259
10.2888
10.3523
10.4157
10.4789
10.5426
10.6072
10.6715
10.7357
10.7995
10.8633
10.9275
10.9921
11.0566
11.121
11.1862
11.2511
11.3162
11.3814
11.4465
11.5111
11.5765
11.6418
11.7072
11.773
11.8388
11.9039
11.9704
12.0361
12.1018
12.1683
12.2344
12.3006
12.3675
12.4341
12.5009
12.5678
12.6348
12.7018
12.7694
12.8371
12.9041
12.9723
13.04
13.1079
13.176
13.2437
13.3123
13.3806
13.4484
13.5169
13.5855
13.6541
13.7233
13.7923
13.8611
13.9309
14.0001
14.0699
14.139
14.2078
14.2778
14.3478
14.4169
14.4866
14.5567
14.6273
14.6974
14.7686
14.8396
14.9106
14.9813
15.052
15.1233
15.1942
15.2653
15.3365
15.4075
15.4794
15.5515
15.624
15.6961
15.7688
15.8412
15.9137
15.9868
16.0599
16.1331
16.2063
16.279
16.3522
16.4265
16.4997
16.5739
16.6482
16.7222
16.7959
16.8701
16.9441
17.0189
17.0933
17.1682
17.2427
17.317
17.3921
17.4669
17.542
17.6179
17.6936
17.7696
17.8455
17.9217
17.9982
18.0751
18.1507
18.2274
18.3041
18.3812
18.4583
18.5355
18.6127
18.6902
18.7686
18.8465
18.9239
19.0017
19.0796
19.1575
19.236
19.3146
19.3934
19.4729
19.5518
19.6309
19.7098
19.789
19.8684
19.9482
20.0278
20.1076
20.1875
20.2681
20.3484
20.4295
20.5104
20.5911
20.6721
20.7535
20.8345
20.9159
20.9977
21.0793
21.1618
21.2433
21.3254
21.4077
21.4902
21.5737
21.6565
21.7402
21.8227
21.9063
21.9901
22.0739
22.1583
22.2419
22.3264
22.4113
22.4964
22.5815
22.6669
22.7524
22.8376
22.9224
23.0078
23.0939
23.1798
23.2657
23.3525
23.4391
23.5256
23.6126
23.6996
23.787
23.8744
23.9614
24.0491
24.1371
24.2257
24.3142
24.4027
24.4919
24.5805
24.6696
24.7596
24.8496
24.9393
25.0293
25.1202
25.2102
25.3007
25.3916
25.4826
25.5733
25.6647
25.7568
25.8478
25.9398
26.0316
26.1238
26.2157
26.3079
26.4011
26.4945
26.5874
26.6818
26.7752
26.8696
26.9626
27.0563
27.1499
27.2447
27.3395
27.434
27.5294
27.625
27.7208
27.8176
27.9134
28.0106
28.1073
28.2035
28.3006
28.3982
28.4965
28.5945
28.6928
28.7911
28.8893
28.9882
29.087
29.1858
29.2853
29.3842
29.4837
29.584
29.6841
29.7844
29.885
29.986
30.0876
30.1895
30.2912
30.3934
30.4952
30.597
30.6999
30.802
30.9052
31.0086
31.1121
31.2165
31.32
31.4246
31.5298
31.6347
31.7405
31.8462
31.9516
32.0575
32.1644
32.2714
32.3772
32.4846
32.5922
32.6999
32.8082
32.9169
33.0259
33.135
33.2445
33.354
33.4627
33.573
33.6821
33.7921
33.9016
34.0124
34.1241
34.2362
34.3482
34.4591
34.5728
34.6855
34.7982
34.9113
35.0248
35.1406
35.2556
35.3704
35.4849
35.5997
35.7151
35.8308
35.9477
36.0634
36.179
36.2964
36.4142
36.5321
36.6504
36.7682
36.8865
37.0049
37.1235
37.2428
37.3625
37.4822
37.6029
37.7231
37.8449
37.9662
38.0882
38.2095
38.3325
38.455
38.579
38.7027
38.8266
38.9501
39.0741
39.199
39.3246
39.4511
39.5772
39.7046
39.8321
39.9602
40.0876
40.2151
40.3437
40.4725
40.6007
40.7301
40.8604
40.9908
41.1212
41.2524
41.3834
41.5157
41.6488
41.7815
41.9149
42.0482
42.1832
42.3169
42.4523
42.5884
42.7238
42.8592
42.9958
43.131
43.2681
43.4064
43.5449
43.6834
43.8206
43.9607
44.0995
44.2408
44.3813
44.5225
44.664
44.806
44.9482
45.0913
45.2346
45.3789
45.5228
45.6687
45.8142
45.9607
46.1076
46.2547
46.4038
46.5524
46.7018
46.8493
46.9978
47.1473
47.2978
47.449
47.5998
47.7527
47.9047
48.057
48.2093
48.3658
48.5209
48.6761
48.8322
48.9888
49.145
49.3038
49.4607
49.6181
49.778
49.939
50.0994
50.2607
50.4239
50.5872
50.749
50.9124
51.0765
51.2406
51.4052
51.5696
51.7354
51.903
52.071
52.2387
52.4094
52.5778
52.7493
52.9214
53.0935
53.2662
53.4388
53.6113
53.7842
53.9599
54.1358
54.3121
54.4891
54.6648
54.8426
55.0224
55.2044
55.386
55.568
55.7498
55.9318
56.1161
56.2999
56.4855
56.6717
56.8587
57.0476
57.2367
57.428
57.6197
57.811
58.0026
58.1942
58.3868
58.5814
58.7781
58.9743
59.1699
59.3688
59.568
59.7677
59.9693
60.1715
60.3729
60.5755
60.7798
60.985
61.1909
61.3971
61.6038
61.813
62.0241
62.2349
62.4465
62.6596
62.8729
63.0875
63.3057
63.5229
63.7399
63.9582
64.1768
64.3987
64.621
64.8451
65.0698
65.2956
65.5232
65.7531
65.9821
66.2122
66.444
66.6784
66.914
67.1503
67.3887
67.626
67.8668
68.1076
68.3485
68.592
68.837
69.0804
69.3269
69.5728
69.8203
70.0708
70.3236
70.5783
70.8327
71.0877
71.3436
71.6025
71.8614
72.1253
72.3896
72.654
72.923
73.1905
73.4611
73.7335
74.008
74.2807
74.5589
74.8396
75.1201
75.4072
75.6937
75.9781
76.2647
76.5529
76.8423
77.1358
77.4319
77.7268
78.0262
78.3247
78.6284
78.9329
79.2409
79.5486
79.8604
80.1735
80.4896
80.8055
81.1257
81.4466
81.7706
82.0955
82.4229
82.7533
83.0865
83.4212
83.7598
84.0972
84.4386
84.7824
85.1289
85.4818
85.8358
86.1935
86.5523
86.9142
87.2794
87.6466
88.0152
88.3892
88.7637
89.1465
89.5262
89.9133
90.3055
90.7002
91.0962
91.5023
91.9064
92.3122
92.7207
93.1344
93.5501
93.9711
94.3981
94.8296
95.2627
95.6998
96.1405
96.5867
97.0348
97.4877
97.945
98.4082
98.8706
99.3455
99.8232
100.303
100.787
101.273
101.771
102.273
102.784
103.298
103.818
104.337
104.86
105.388
105.928
106.472
107.019
107.576
108.133
108.702
109.279
109.858
110.442
111.037
111.633
112.235
112.849
113.469
114.096
114.724
115.361
116.004
116.656
117.312
117.981
118.65
119.329
120.019
120.718
121.424
122.14
122.862
123.594
124.327
125.069
125.826
126.588
127.359
128.138
128.925
129.716
130.525
131.341
132.164
132.999
133.844
134.701
135.565
136.437
137.324
138.218
139.127
140.042
140.969
141.917
142.861
143.829
144.81
145.798
146.803
147.816
148.841
149.87
150.92
151.978
153.05
154.128
155.218
156.326
157.45
158.58
159.735
160.905
162.083
163.273
164.495
165.724
166.977
168.242
169.524
170.821
172.128
173.465
174.806
176.165
177.551
178.951
180.373
181.815
183.269
184.747
186.242
187.746
189.288
190.845
192.444
194.045
195.675
197.344
199.039
200.739
202.457
204.219
205.994
207.806
209.645
211.501
213.395
215.308
217.261
219.249
221.252
223.285
225.366
227.484
229.62
231.812
234.018
236.285
238.567
240.896
243.271
245.686
248.14
250.639
253.192
255.79
258.45
261.145
263.903
266.703
269.555
272.449
275.389
278.405
281.471
284.604
287.796
291.085
294.418
297.829
301.305
304.848
308.482
312.199
316.009
319.916
323.872
327.952
332.094
336.336
340.712
345.162
349.749
354.476
359.273
364.197
369.289
374.449
379.842
385.31
390.893
396.7
402.659
408.82
415.129
421.617
428.346
435.246
442.418
449.76
457.304
465.153
473.217
481.518
490.191
499.167
508.504
518.154
528.159
538.741
549.561
560.901
572.697
584.959
597.805
611.197
625.323
639.999
655.454
671.782
689.047
707.263
726.47
746.79
768.448
791.541
816.163
842.666
871.061
902.199
935.898
972.579
1012.93
1057.81
1107.7
1163.73
1227.7
1303.02
1391.77
1501.25
1639.85
1829.12
2119.57
2716.61
