0.000163698
0.000325742
0.000488101
0.000650401
0.000813715
0.000977598
0.00114082
0.0013057
0.00146975
0.00163394
0.00180001
0.00196465
0.00212984
0.00229443
0.0024597
0.00262609
0.00279144
0.00295669
0.0031234
0.00328881
0.0034556
0.00362234
0.0037907
0.00395838
0.0041249
0.00429305
0.00446135
0.00462899
0.00479959
0.00496901
0.00513826
0.00530778
0.00547967
0.00564957
0.00582117
0.00599056
0.00616224
0.00633361
0.00650638
0.0066766
0.00684816
0.0070193
0.00719171
0.00736462
0.00753785
0.00770966
0.00788265
0.00805616
0.00823098
0.00840457
0.00857877
0.00875223
0.0089269
0.009101
0.0092767
0.00945136
0.00962619
0.00980241
0.00998048
0.0101559
0.0103325
0.0105096
0.0106872
0.010866
0.0110431
0.0112208
0.0113987
0.0115779
0.011758
0.011937
0.0121177
0.0122967
0.0124758
0.0126568
0.0128384
0.0130187
0.0131995
0.0133798
0.0135623
0.0137463
0.0139294
0.0141136
0.0142978
0.014481
0.0146624
0.0148454
0.0150283
0.0152127
0.0153984
0.0155836
0.0157674
0.0159527
0.0161373
0.0163233
0.0165098
0.0166976
0.0168848
0.0170735
0.017261
0.0174495
0.0176363
0.0178236
0.0180137
0.0182032
0.0183908
0.0185815
0.0187715
0.0189611
0.0191521
0.0193433
0.0195345
0.0197248
0.0199164
0.020109
0.0203006
0.0204942
0.0206874
0.020881
0.0210745
0.0212689
0.0214642
0.0216581
0.0218538
0.0220477
0.0222452
0.0224415
0.022637
0.0228316
0.0230284
0.0232261
0.0234247
0.0236216
0.0238208
0.0240191
0.0242181
0.0244172
0.024616
0.0248157
0.0250173
0.0252187
0.0254183
0.02562
0.0258224
0.0260234
0.026227
0.0264302
0.0266321
0.0268348
0.0270401
0.0272443
0.027447
0.0276492
0.027853
0.0280591
0.0282661
0.0284743
0.0286796
0.0288865
0.0290928
0.0293004
0.0295088
0.0297178
0.0299254
0.0301355
0.0303459
0.0305568
0.0307663
0.030976
0.0311881
0.0313976
0.0316093
0.0318226
0.0320342
0.0322479
0.0324622
0.0326752
0.0328879
0.0331027
0.0333147
0.0335303
0.0337469
0.0339635
0.0341799
0.0343969
0.0346136
0.0348318
0.0350491
0.0352664
0.0354872
0.0357088
0.0359308
0.036151
0.0363712
0.0365902
0.036813
0.0370352
0.0372572
0.0374792
0.0377035
0.0379252
0.0381489
0.0383738
0.0385999
0.0388247
0.0390519
0.0392789
0.0395064
0.0397331
0.0399594
0.0401863
0.0404149
0.0406432
0.0408729
0.0411023
0.0413325
0.0415639
0.041795
0.0420271
0.042256
0.0424887
0.0427209
0.0429539
0.0431865
0.0434194
0.0436546
0.0438904
0.0441254
0.044362
0.0446006
0.0448374
0.0450745
0.0453133
0.0455519
0.0457895
0.0460295
0.0462703
0.0465097
0.0467498
0.0469909
0.0472332
0.0474747
0.047718
0.0479594
0.0482039
0.0484465
0.0486918
0.0489374
0.0491827
0.0494294
0.0496764
0.0499266
0.0501743
0.0504199
0.050668
0.0509168
0.0511685
0.0514204
0.0516718
0.0519228
0.0521751
0.0524293
0.0526814
0.0529343
0.0531882
0.0534426
0.0536984
0.0539558
0.0542132
0.0544685
0.0547276
0.0549861
0.0552449
0.0555029
0.0557623
0.056021
0.0562819
0.0565433
0.0568074
0.0570715
0.0573344
0.0575996
0.0578634
0.0581284
0.0583939
0.05866
0.0589272
0.059194
0.059462
0.0597313
0.0600012
0.0602703
0.0605426
0.060814
0.0610869
0.0613619
0.0616381
0.0619144
0.0621899
0.0624655
0.0627404
0.0630174
0.0632951
0.0635718
0.0638496
0.0641276
0.064407
0.0646862
0.0649661
0.0652494
0.0655304
0.0658137
0.066098
0.0663811
0.0666673
0.0669541
0.0672399
0.0675269
0.0678152
0.0681043
0.0683976
0.068689
0.0689792
0.0692683
0.0695596
0.0698532
0.0701459
0.0704387
0.070735
0.071031
0.0713296
0.0716279
0.0719243
0.0722211
0.072522
0.072823
0.0731249
0.0734289
0.0737314
0.0740367
0.0743398
0.0746455
0.0749495
0.0752609
0.0755685
0.075878
0.0761858
0.0764977
0.0768107
0.0771253
0.0774369
0.0777491
0.0780619
0.0783797
0.0786973
0.0790184
0.0793355
0.0796565
0.0799767
0.0802984
0.0806209
0.0809451
0.0812698
0.0815951
0.0819205
0.082246
0.0825722
0.0829012
0.0832322
0.0835624
0.0838938
0.0842262
0.0845604
0.0848906
0.0852253
0.0855607
0.0858965
0.0862342
0.08657
0.0869078
0.0872456
0.087586
0.0879284
0.0882701
0.0886157
0.0889604
0.0893041
0.0896559
0.0900036
0.0903541
0.0907029
0.0910544
0.0914072
0.0917621
0.09212
0.0924783
0.0928341
0.0931937
0.0935522
0.0939118
0.0942718
0.0946355
0.0949989
0.0953622
0.0957267
0.0960947
0.0964628
0.096831
0.0972
0.0975727
0.0979456
0.0983175
0.0986933
0.0990706
0.0994486
0.0998275
0.100209
0.10059
0.100971
0.101357
0.101744
0.102126
0.102516
0.102902
0.103291
0.103682
0.104078
0.104468
0.104866
0.105256
0.105654
0.106051
0.10645
0.106852
0.107255
0.107656
0.108062
0.108469
0.108875
0.109284
0.109691
0.110102
0.110516
0.110932
0.111347
0.111769
0.112188
0.112606
0.113029
0.113449
0.113878
0.114305
0.114732
0.115158
0.115591
0.116027
0.116462
0.116901
0.117342
0.11778
0.118221
0.118664
0.119107
0.119549
0.119998
0.120447
0.1209
0.121352
0.12181
0.122266
0.122725
0.123186
0.123647
0.124114
0.124578
0.125046
0.125512
0.125985
0.12646
0.126936
0.127409
0.127891
0.128371
0.128857
0.129344
0.129831
0.130322
0.130813
0.131308
0.13181
0.132308
0.132811
0.133312
0.133814
0.13432
0.134826
0.135337
0.135851
0.136372
0.136892
0.13741
0.137934
0.138458
0.138986
0.139512
0.140042
0.140575
0.141115
0.141656
0.142196
0.142738
0.143289
0.14384
0.144388
0.144944
0.145496
0.146061
0.146627
0.147193
0.147756
0.148329
0.1489
0.149472
0.150052
0.150632
0.151215
0.151801
0.152388
0.152983
0.153576
0.154178
0.154781
0.155387
0.155996
0.156609
0.157223
0.157843
0.158463
0.159089
0.159721
0.160354
0.160989
0.161629
0.162276
0.162915
0.163562
0.16421
0.164866
0.165523
0.166186
0.16685
0.167519
0.168197
0.168884
0.16956
0.17025
0.170942
0.171638
0.172336
0.173039
0.173748
0.174451
0.175173
0.175895
0.17662
0.177354
0.178084
0.178823
0.179562
0.180314
0.181066
0.181831
0.182598
0.183364
0.18414
0.184923
0.185703
0.186492
0.187291
0.188094
0.188893
0.189698
0.190514
0.191333
0.192157
0.192991
0.193832
0.194676
0.195523
0.196372
0.197226
0.198096
0.198966
0.199836
0.200722
0.201615
0.202521
0.203432
0.204354
0.205272
0.206205
0.207141
0.20809
0.20904
0.21
0.210964
0.211943
0.212932
0.213927
0.214946
0.215961
0.216986
0.218014
0.219057
0.22011
0.221164
0.222239
0.223321
0.224422
0.225516
0.226634
0.227759
0.228892
0.230026
0.231183
0.232338
0.233519
0.234695
0.235887
0.237103
0.238323
0.239555
0.240811
0.242075
0.243347
0.244639
0.245947
0.247258
0.248595
0.249939
0.251297
0.252685
0.254082
0.2555
0.256941
0.258398
0.259867
0.261349
0.26285
0.264374
0.265913
0.267462
0.269045
0.27065
0.27228
0.273932
0.275618
0.277316
0.279043
0.280788
0.282578
0.284398
0.286234
0.288091
0.289979
0.291915
0.293879
0.295873
0.297885
0.299945
0.302043
0.30418
0.306344
0.308563
0.310824
0.3131
0.315465
0.317845
0.320285
0.322783
0.325321
0.327934
0.330629
0.333374
0.3362
0.339075
0.342021
0.345035
0.348154
0.351347
0.354608
0.357975
0.361488
0.365085
0.368756
0.372521
0.376463
0.380536
0.384789
0.389161
0.393717
0.398519
0.403509
0.408745
0.4142
0.419996
0.42605
0.432421
0.43926
0.446587
0.454623
0.46341
0.473223
0.484663
0.498013
0.513975
0.534047
0.560181
0.59584
0.643009
0.707647
0.790835
0.897821
1.03624
1.20716
1.41498
1.66105
1.94977
2.281
2.65297
3.06617
3.51301
4.00099
4.52564
5.08348
5.68193
6.3139
6.97701
7.68049
8.4217
9.19259
9.99973
10.8443
11.7205
12.6481
13.5934
14.5789
15.5914
16.6428
17.7243
18.8387
19.9904
21.1689
22.3952
23.6393
24.9274
26.2474
27.5884
28.9601
30.3757
31.8136
33.2911
34.799
36.3383
37.9142
39.4974
41.1251
42.7751
44.4523
46.1694
47.9157
49.69
51.4902
53.3188
55.1641
57.045
58.9752
60.9303
62.8878
64.8811
66.8843
68.9337
71.0156
73.1179
75.2372
77.3794
79.5601
81.7593
83.9792
86.2263
88.5018
90.7921
93.1092
95.4372
97.8075
100.185
102.596
105.031
107.479
109.957
112.431
114.946
117.485
120.05
122.623
125.233
127.857
130.495
133.156
135.83
138.506
141.22
143.945
146.675
149.43
152.203
154.994
157.8
160.637
163.48
166.351
169.238
172.129
175.035
177.962
180.91
183.858
186.822
189.822
192.811
195.825
198.869
201.925
204.955
208.034
211.114
214.204
217.318
220.434
223.578
226.74
229.898
233.05
236.225
239.411
242.614
245.819
249.052
252.298
255.548
258.829
262.116
265.407
268.704
271.982
275.296
278.606
281.952
285.305
288.664
292.015
295.383
298.765
302.153
305.568
308.996
312.421
315.848
319.269
322.706
326.164
329.603
333.065
336.535
340.022
343.541
347.041
350.562
354.077
357.575
361.089
364.638
368.195
371.769
375.338
378.9
382.461
386.056
389.656
393.24
396.838
400.437
404.076
407.709
411.353
415.016
418.68
422.372
426.055
429.779
433.509
437.229
440.958
444.703
448.445
452.209
455.997
459.768
463.582
467.398
471.221
475.065
478.941
482.812
486.687
490.593
494.53
498.487
502.432
506.405
510.392
514.377
518.426
522.462
526.549
530.651
534.776
538.896
543.057
547.26
551.487
555.784
560.058
564.37
568.698
573.051
577.484
581.906
586.357
590.885
595.474
600.095
604.745
609.455
614.191
619.022
623.875
628.817
633.789
638.83
643.962
649.18
654.433
659.75
665.178
670.717
676.341
682.017
687.784
693.731
699.722
705.844
712.095
718.443
724.977
731.607
738.397
745.394
752.557
759.889
767.399
775.113
783.019
791.174
799.548
808.226
817.141
826.409
836.058
846.082
856.489
867.339
878.652
890.508
903.049
916.062
929.873
944.589
960.408
977.332
995.735
1015.65
1037.65
1062.38
1090.06
1122.36
1160.65
1208.12
1271.48
1365.41
1551.7
