0.128716
0.258079
0.387712
0.517315
0.648007
0.777247
0.908701
1.03855
1.16918
1.30148
1.43437
1.56681
1.69978
1.83272
1.96714
2.10126
2.23514
2.36978
2.5047
2.64054
2.77697
2.91324
3.04939
3.18659
3.32423
3.46053
3.59832
3.73612
3.87637
4.01624
4.15564
4.29454
4.43465
4.57562
4.71552
4.85664
4.99899
5.14092
5.28375
5.42519
5.56817
5.71195
5.85468
5.99858
6.14305
6.28903
6.43455
6.58138
6.72699
6.87434
7.02219
7.1696
7.31834
7.4666
7.61631
7.76509
7.91424
8.06456
8.21444
8.36513
8.51676
8.66904
8.82106
8.97383
9.12581
9.27797
9.43227
9.58632
9.74167
9.89699
10.053
10.2102
10.3666
10.5244
10.6824
10.8399
10.9977
11.1563
11.3168
11.4765
11.6353
11.7957
11.9573
12.1194
12.2823
12.4436
12.6073
12.7681
12.9322
13.0973
13.2627
13.4271
13.5946
13.7628
13.9302
14.0995
14.2684
14.4373
14.6062
14.7757
14.9465
15.1179
15.2891
15.4616
15.6354
15.809
15.9824
16.1566
16.3316
16.5062
16.6826
16.8613
17.0375
17.2157
17.3935
17.5713
17.7505
17.9288
18.1103
18.2912
18.4733
18.6555
18.8401
19.0251
19.2091
19.3936
19.5794
19.7665
19.952
20.1404
20.3296
20.5182
20.7087
20.9002
21.0926
21.2843
21.477
21.6713
21.8656
22.0591
22.2529
22.4485
22.643
22.8399
23.0367
23.2344
23.4324
23.6328
23.8332
24.0357
24.2369
24.4378
24.6423
24.8468
25.0526
25.2584
25.4643
25.674
25.8821
26.0924
26.3018
26.5115
26.7216
26.9333
27.148
27.363
27.5783
27.7945
28.0107
28.2289
28.4477
28.6654
28.8859
29.1064
29.3281
29.5499
29.774
29.9996
30.225
30.4515
30.6776
30.9049
31.1348
31.3655
31.5976
31.8319
32.0661
32.2995
32.5345
32.7697
33.0084
33.2487
33.4887
33.7316
33.974
34.2157
34.4577
34.7021
34.947
35.1924
35.4416
35.6893
35.9395
36.1897
36.4405
36.6937
36.9474
37.2052
37.462
37.7205
37.9784
38.2392
38.501
38.7656
39.0288
39.2953
39.5602
39.8281
40.096
40.3681
40.6389
40.9103
41.185
41.4605
41.7372
42.0155
42.2964
42.5772
42.8584
43.1425
43.4287
43.7136
44.0028
44.2934
44.5829
44.8752
45.1696
45.4655
45.7622
46.0601
46.3624
46.6649
46.9703
47.2733
47.5763
47.8832
48.1945
48.5032
48.8171
49.1324
49.4501
49.7684
50.0887
50.4137
50.7378
51.0667
51.3962
51.7256
52.0569
52.392
52.729
53.0665
53.407
53.7482
54.092
54.4383
54.7897
55.1377
55.4907
55.8453
56.2034
56.5663
56.9268
57.2922
57.6594
58.0288
58.4001
58.7734
59.1495
59.5292
59.9122
60.2962
60.6805
61.0698
61.462
61.8551
62.2513
62.6543
63.0537
63.4585
63.8671
64.2777
64.6896
65.1055
65.5237
65.9491
66.3763
66.8069
67.2384
67.6734
68.1145
68.5582
69.0049
69.4558
69.9042
70.3603
70.8174
71.282
71.7467
72.2172
72.6892
73.1679
73.6507
74.1351
74.6222
75.1155
75.6121
76.1166
76.6205
77.1278
77.6442
78.1627
78.6889
79.2167
79.7519
80.2909
80.8351
81.3856
81.9352
82.4912
83.0594
83.6282
84.2014
84.7786
85.3639
85.9573
86.5618
87.1646
87.7757
88.3927
89.0157
89.6454
90.2805
90.9282
91.5809
92.2401
92.9057
93.5825
94.2665
94.9563
95.647
96.3501
97.0607
97.7808
98.5078
99.2469
99.9931
100.749
101.512
102.281
103.063
103.857
104.657
105.464
106.289
107.124
107.972
108.828
109.696
110.578
111.468
112.374
113.284
114.212
115.158
116.108
117.073
118.046
119.039
120.039
121.055
122.081
123.123
124.186
125.264
126.35
127.444
128.573
129.72
130.866
132.035
133.221
134.413
135.635
136.872
138.122
139.394
140.693
142.001
143.334
144.681
146.05
147.433
148.842
150.271
151.724
153.2
154.705
156.242
157.79
159.372
160.975
162.601
164.267
165.96
167.66
169.395
171.17
172.966
174.804
176.669
178.574
180.522
182.502
184.511
186.56
188.644
190.773
192.921
195.116
197.359
199.661
201.985
204.346
206.761
209.227
211.751
214.331
216.963
219.644
222.414
225.203
228.084
231.034
234.031
237.123
240.268
243.474
246.786
250.145
253.625
257.199
260.849
264.59
268.43
272.397
276.452
280.616
284.906
289.332
293.889
298.581
303.426
308.463
313.674
319.037
324.584
330.382
336.373
342.535
348.967
355.623
362.629
369.957
377.539
385.549
393.882
402.663
411.878
421.546
431.773
442.6
454.073
466.319
479.482
493.634
508.897
525.292
543.296
562.89
584.798
608.995
636.446
668.189
705.159
750.136
807.044
882.146
997.145
1227.21
