0.0991305
0.197497
0.296722
0.397472
0.497957
0.598546
0.699583
0.800977
0.902341
1.00398
1.1057
1.20815
1.31056
1.41367
1.51671
1.61939
1.72323
1.82686
1.93062
2.03311
2.13749
2.24212
2.34761
2.45209
2.55694
2.66286
2.76902
2.8749
2.98185
3.08774
3.19414
3.3018
3.40973
3.51762
3.62716
3.73618
3.84544
3.95432
4.06233
4.17107
4.28039
4.39045
4.50029
4.61065
4.7223
4.83395
4.94552
5.05678
5.16924
5.28225
5.3951
5.50759
5.62144
5.73544
5.84911
5.96452
6.0795
6.19456
6.31042
6.425
6.54077
6.65711
6.77259
6.88861
7.00699
7.12421
7.24321
7.362
7.4804
7.60018
7.72018
7.83969
7.95967
8.08055
8.2016
8.32229
8.44402
8.56551
8.68785
8.81027
8.93313
9.05596
9.17941
9.30263
9.4259
9.55021
9.67524
9.79979
9.92537
10.0515
10.1787
10.3069
10.4339
10.5613
10.6893
10.8186
10.9477
11.0761
11.2048
11.3367
11.467
11.5982
11.73
11.8611
11.9928
12.1255
12.2577
12.3916
12.5252
12.6588
12.7927
12.9281
13.0624
13.1969
13.3343
13.4712
13.6082
13.7447
13.8828
14.0197
14.1585
14.2987
14.4388
14.5771
14.7189
14.8601
15.0017
15.1445
15.2881
15.4314
15.5753
15.7193
15.8645
16.0101
16.1556
16.3015
16.4482
16.5943
16.7421
16.8909
17.0401
17.1897
17.3402
17.4913
17.6423
17.7946
17.948
18.1005
18.2526
18.4047
18.5588
18.7151
18.8701
19.0259
19.1812
19.3393
19.4966
19.6547
19.8131
19.9729
20.1333
20.2936
20.4547
20.6163
20.7781
20.9415
21.1055
21.2689
21.4319
21.5977
21.7638
21.9307
22.0985
22.2687
22.438
22.6087
22.7799
22.952
23.1232
23.2958
23.4694
23.6448
23.819
23.9933
24.1708
24.3484
24.528
24.7067
24.8846
25.0635
25.2435
25.4255
25.6093
25.7946
25.9786
26.1642
26.3477
26.5347
26.7222
26.9104
27.1004
27.2908
27.4792
27.6703
27.8617
28.0546
28.2462
28.4415
28.6378
28.8333
29.0294
29.2271
29.4268
29.6264
29.8265
30.0281
30.2302
30.4335
30.6374
30.843
31.0497
31.2581
31.467
31.6771
31.8879
32.0993
32.3117
32.5274
32.7443
32.9609
33.1775
33.394
33.6125
33.8329
34.0541
34.2758
34.5004
34.7281
34.9543
35.1828
35.4106
35.6411
35.8719
36.1039
36.3372
36.5746
36.8113
37.0482
37.2887
37.528
37.7677
38.0099
38.2553
38.5013
38.7476
38.9982
39.2462
39.4982
39.7508
40.0038
40.2592
40.5156
40.7763
41.036
41.2992
41.5623
41.8252
42.0931
42.3599
42.6276
42.8987
43.1711
43.4469
43.724
44.0019
44.2851
44.5679
44.8536
45.1378
45.4285
45.7177
46.0115
46.3063
46.6014
46.8981
47.1974
47.4989
47.8028
48.1097
48.4182
48.7312
49.042
49.3564
49.6746
49.9917
50.3148
50.6391
50.9642
51.2963
51.6305
51.9667
52.3056
52.6425
52.9851
53.3322
53.6811
54.0302
54.3854
54.7405
55.0982
55.4611
55.8289
56.1933
56.5651
56.9395
57.3177
57.6974
58.0778
58.4642
58.8535
59.2452
59.6424
60.0444
60.4487
60.8527
61.2662
61.6809
62.0974
62.5211
62.9473
63.3806
63.8194
64.2568
64.7013
65.1503
65.6041
66.0607
66.5209
66.989
67.4646
67.9403
68.4198
68.9058
69.3981
69.8929
70.3943
70.9018
71.4213
71.9436
72.4723
72.9993
73.5377
74.0846
74.6362
75.1973
75.7635
76.3376
76.9205
77.5069
78.1074
78.7067
79.3173
79.94
80.5697
81.2035
81.8515
82.5101
83.1794
83.8581
84.5405
85.2334
85.9409
86.6578
87.3845
88.1246
88.877
89.6403
90.4171
91.2087
92.0091
92.8233
93.6584
94.5133
95.3753
96.2562
97.1561
98.0729
99.0057
99.95
100.922
101.917
102.932
103.958
105.007
106.084
107.172
108.288
109.434
110.595
111.787
113.002
114.241
115.51
116.81
118.149
119.504
120.886
122.296
123.73
125.22
126.725
128.279
129.882
131.515
133.161
134.85
136.571
138.336
140.156
142.014
143.924
145.886
147.901
149.957
152.061
154.217
156.44
158.702
161.029
163.396
165.821
168.344
170.926
173.559
176.238
179.012
181.864
184.789
187.793
190.888
194.071
197.366
200.74
204.196
207.747
211.422
215.258
219.164
223.195
227.397
231.733
236.187
240.802
245.584
250.503
255.647
260.965
266.514
272.263
278.234
284.411
290.829
297.55
304.537
311.851
319.454
327.522
335.886
344.706
353.908
363.633
373.812
384.514
395.895
407.875
420.435
433.89
448.171
463.281
479.499
496.827
515.425
535.556
557.286
580.792
606.555
634.795
665.722
700.065
738.358
781.613
831.431
888.366
955.627
1036.41
1136.29
1264.14
1440.69
1715.88
2289.03
