0.000480004
0.000960232
0.00144187
0.00192578
0.00240962
0.00289378
0.0033775
0.00386322
0.00435678
0.00484523
0.00533442
0.00582512
0.00631755
0.00680813
0.00729826
0.00779214
0.00828631
0.00878131
0.00927073
0.00976584
0.0102559
0.0107524
0.0112491
0.0117479
0.0122437
0.0127366
0.0132346
0.013732
0.0142307
0.0147296
0.0152287
0.0157316
0.0162354
0.016738
0.0172424
0.0177491
0.0182485
0.0187533
0.0192605
0.0197678
0.0202785
0.0207838
0.0212908
0.0217974
0.0223082
0.0228181
0.0233289
0.0238377
0.0243513
0.024866
0.0253808
0.0258967
0.0264089
0.026923
0.0274409
0.0279583
0.02848
0.0289996
0.0295163
0.0300365
0.0305568
0.031074
0.0315951
0.0321187
0.0326441
0.0331667
0.0336902
0.0342156
0.0347404
0.035269
0.0357987
0.0363262
0.0368548
0.0373828
0.0379073
0.0384413
0.0389702
0.039506
0.0400403
0.0405736
0.0411103
0.041643
0.0421795
0.042713
0.0432515
0.0437904
0.0443246
0.0448653
0.0454042
0.0459397
0.0464806
0.0470217
0.0475608
0.0481008
0.048642
0.0491865
0.0497264
0.0502732
0.0508184
0.0513664
0.0519133
0.0524665
0.0530134
0.0535613
0.0541165
0.0546692
0.0552193
0.0557717
0.0563248
0.0568792
0.0574342
0.0579898
0.0585453
0.0591001
0.0596582
0.0602113
0.0607741
0.0613314
0.0618897
0.0624517
0.0630129
0.0635764
0.0641443
0.0647066
0.0652748
0.0658402
0.0664094
0.0669773
0.0675447
0.0681104
0.0686813
0.0692489
0.0698228
0.0703981
0.0709681
0.0715424
0.0721171
0.0726906
0.0732696
0.0738454
0.0744175
0.0750001
0.0755804
0.0761632
0.0767463
0.0773245
0.0779087
0.0784885
0.0790754
0.0796611
0.0802464
0.0808329
0.0814226
0.0820135
0.0825999
0.0831921
0.0837788
0.0843693
0.0849613
0.0855583
0.0861548
0.0867488
0.0873429
0.0879417
0.0885354
0.0891382
0.0897383
0.090339
0.0909404
0.0915403
0.0921409
0.0927522
0.0933571
0.0939628
0.0945725
0.0951752
0.0957812
0.0963901
0.0970004
0.0976118
0.0982205
0.0988357
0.099445
0.100065
0.100684
0.101304
0.101925
0.102549
0.103168
0.103791
0.104411
0.105034
0.105656
0.106281
0.106909
0.107539
0.108163
0.108792
0.109422
0.110047
0.11068
0.111311
0.111947
0.112582
0.113216
0.113848
0.114484
0.115119
0.115756
0.1164
0.117039
0.117684
0.118324
0.118967
0.119608
0.120253
0.1209
0.121545
0.122187
0.122836
0.123478
0.124131
0.124786
0.125444
0.126101
0.126757
0.127417
0.128072
0.128736
0.129395
0.130056
0.130718
0.131381
0.13205
0.132713
0.133383
0.13405
0.134717
0.135391
0.136057
0.136731
0.137402
0.138085
0.138755
0.13943
0.140108
0.140783
0.141459
0.142136
0.142818
0.143495
0.144178
0.144861
0.145543
0.146232
0.146924
0.147608
0.148304
0.148995
0.149694
0.150384
0.151082
0.151784
0.152484
0.153179
0.153876
0.154571
0.155278
0.155978
0.156678
0.157386
0.158091
0.158802
0.159504
0.160216
0.160934
0.161646
0.162365
0.163074
0.163789
0.16451
0.165232
0.16596
0.166676
0.167399
0.168123
0.168848
0.169573
0.170304
0.171027
0.171753
0.172481
0.173211
0.173946
0.174681
0.175412
0.176155
0.176892
0.177631
0.178375
0.179122
0.17987
0.180613
0.181357
0.182104
0.182844
0.183589
0.184338
0.18509
0.185839
0.1866
0.187361
0.188119
0.188879
0.189644
0.19041
0.191179
0.191942
0.192712
0.193484
0.194256
0.195021
0.195787
0.19656
0.197334
0.198105
0.198883
0.199659
0.200443
0.201225
0.202008
0.202798
0.203579
0.204372
0.205167
0.205958
0.206749
0.207542
0.208333
0.209128
0.209924
0.210733
0.21154
0.212335
0.213142
0.213946
0.214756
0.215572
0.216381
0.217196
0.218009
0.218826
0.21964
0.220461
0.22129
0.222116
0.222939
0.223769
0.224608
0.225442
0.226277
0.227109
0.22794
0.228771
0.229606
0.230442
0.231284
0.232127
0.232968
0.233809
0.234647
0.235492
0.236344
0.237195
0.238043
0.238895
0.239751
0.240613
0.241481
0.242346
0.243211
0.244075
0.244947
0.245822
0.246693
0.247566
0.248441
0.249313
0.250199
0.251076
0.251956
0.252846
0.253734
0.254618
0.255507
0.256396
0.257294
0.258188
0.259083
0.259981
0.26088
0.261775
0.262686
0.263594
0.26451
0.265423
0.266326
0.267239
0.268162
0.269083
0.270009
0.270938
0.271862
0.272786
0.273716
0.274641
0.275572
0.276502
0.277443
0.278379
0.279319
0.280255
0.281194
0.282146
0.283099
0.284045
0.284993
0.285945
0.286904
0.287865
0.288831
0.289794
0.290757
0.291728
0.292698
0.293664
0.29464
0.295614
0.296597
0.297573
0.298552
0.299543
0.30053
0.30152
0.302514
0.303498
0.304491
0.305489
0.306493
0.307505
0.308508
0.309507
0.310526
0.31154
0.312561
0.313573
0.314591
0.315609
0.316645
0.317669
0.318689
0.319719
0.320749
0.32179
0.322837
0.323884
0.324933
0.325978
0.327025
0.328077
0.329129
0.330181
0.331247
0.332314
0.333371
0.334434
0.335502
0.336589
0.337663
0.338747
0.339841
0.340933
0.342018
0.343109
0.344202
0.345297
0.3464
0.347495
0.348597
0.349703
0.350816
0.351921
0.353029
0.354132
0.355255
0.356375
0.357505
0.358639
0.359764
0.360904
0.362053
0.363198
0.36434
0.365491
0.366631
0.367783
0.368939
0.370099
0.371269
0.372443
0.373615
0.374789
0.37596
0.377138
0.378325
0.379507
0.380697
0.381892
0.383088
0.384287
0.385503
0.386717
0.38792
0.389135
0.390352
0.391577
0.392807
0.394026
0.395252
0.396485
0.397715
0.398964
0.400194
0.401439
0.402688
0.403932
0.405182
0.406432
0.407692
0.408969
0.410238
0.411511
0.4128
0.414085
0.415374
0.416673
0.417964
0.419259
0.420568
0.421878
0.423188
0.424502
0.425818
0.427135
0.42847
0.429789
0.431128
0.432457
0.433809
0.435164
0.436512
0.437874
0.439238
0.440619
0.441982
0.443354
0.444745
0.446132
0.447522
0.448918
0.450315
0.451706
0.453106
0.454518
0.45595
0.457369
0.458784
0.460217
0.461657
0.463083
0.464538
0.465976
0.467434
0.468871
0.470337
0.471803
0.473272
0.474746
0.476228
0.477711
0.479199
0.480707
0.482213
0.483719
0.485238
0.486752
0.488276
0.489799
0.491339
0.49287
0.494404
0.495943
0.497494
0.499061
0.500607
0.502186
0.503765
0.505356
0.506939
0.508531
0.510127
0.511744
0.513356
0.51498
0.516614
0.518255
0.519887
0.521536
0.523179
0.52484
0.526492
0.528143
0.529806
0.531487
0.533173
0.534869
0.53656
0.538272
0.539978
0.541684
0.543417
0.545154
0.546902
0.54864
0.550399
0.552164
0.553934
0.555713
0.55749
0.559271
0.561046
0.562849
0.564661
0.566479
0.568303
0.570126
0.571957
0.573803
0.575658
0.57753
0.579394
0.581276
0.583159
0.585052
0.586961
0.588854
0.590776
0.592697
0.594627
0.596566
0.598518
0.600473
0.602453
0.604415
0.60641
0.6084
0.610411
0.612415
0.614434
0.616469
0.618518
0.620565
0.622616
0.624698
0.626793
0.628896
0.630988
0.633105
0.635233
0.63737
0.639507
0.641662
0.643797
0.64597
0.648153
0.650347
0.652555
0.654743
0.656968
0.659218
0.66146
0.66372
0.665998
0.668258
0.670559
0.672854
0.675164
0.677488
0.679822
0.682183
0.68454
0.686912
0.689299
0.691699
0.694077
0.696527
0.698977
0.701421
0.703887
0.706372
0.708888
0.711393
0.713919
0.716474
0.719015
0.721585
0.724165
0.726776
0.729376
0.732001
0.734637
0.737315
0.739969
0.74264
0.745362
0.748098
0.750831
0.753578
0.756339
0.759104
0.761915
0.764745
0.767587
0.77045
0.773337
0.776213
0.779108
0.782
0.784939
0.787908
0.790897
0.793929
0.796944
0.799969
0.803027
0.806128
0.809258
0.812413
0.81558
0.818726
0.82195
0.825168
0.828404
0.831684
0.834944
0.838228
0.841561
0.844943
0.848305
0.851698
0.855158
0.858617
0.862113
0.865607
0.869163
0.872723
0.876303
0.879938
0.883586
0.887275
0.89098
0.894703
0.898443
0.902254
0.906092
0.909937
0.913813
0.917752
0.921696
0.925672
0.929695
0.933769
0.937859
0.941984
0.946172
0.950379
0.954674
0.958952
0.963291
0.96765
0.972048
0.976492
0.981002
0.985551
0.990136
0.994809
0.999453
1.00418
1.00895
1.01373
1.01856
1.02341
1.02835
1.03335
1.03845
1.04355
1.04876
1.05391
1.05923
1.06457
1.06992
1.07528
1.08071
1.08623
1.0918
1.09746
1.10321
1.10899
1.11481
1.1207
1.12665
1.13264
1.13872
1.14492
1.15117
1.1574
1.16382
1.17025
1.17673
1.18328
1.18992
1.19659
1.20337
1.21026
1.2172
1.22429
1.23138
1.23855
1.24575
1.25309
1.26052
1.26797
1.27554
1.28317
1.29083
1.29867
1.30655
1.31461
1.32263
1.33077
1.339
1.34731
1.35569
1.36427
1.37293
1.3817
1.39055
1.39953
1.40853
1.41763
1.42693
1.43632
1.44577
1.45531
1.46501
1.47478
1.48472
1.49482
1.50499
1.5153
1.52577
1.53626
1.54685
1.55766
1.56862
1.57971
1.59088
1.60216
1.61363
1.62519
1.63699
1.64897
1.661
1.67331
1.68573
1.69823
1.71094
1.7238
1.73683
1.74997
1.76343
1.77694
1.79065
1.80458
1.8186
1.83282
1.84731
1.86194
1.87683
1.89179
1.90704
1.92244
1.9382
1.95418
1.97048
1.9869
2.0034
2.02011
2.03706
2.05422
2.07186
2.08952
2.10767
2.12597
2.14478
2.16371
2.18294
2.20242
2.22224
2.24227
2.26288
2.28357
2.30458
2.32588
2.34772
2.36976
2.3922
2.41502
2.4385
2.46214
2.48609
2.51068
2.53563
2.56093
2.58678
2.6129
2.63956
2.66691
2.69484
2.7236
2.75238
2.78207
2.81225
2.84279
2.87405
2.90566
2.9381
2.97114
3.00485
3.03924
3.07461
3.11017
3.14702
3.18438
3.22284
3.26227
3.30277
3.34408
3.38626
3.42962
3.4737
3.51935
3.56554
3.61336
3.66221
3.71179
3.76305
3.81545
3.86977
3.92547
3.98243
4.04126
4.10118
4.16324
4.22747
4.29323
4.36092
4.43137
4.50304
4.57717
4.65347
4.73237
4.81449
4.89888
4.9858
5.07648
5.17004
5.2681
5.36909
5.47316
5.58311
5.69715
5.8153
5.93868
6.06728
6.20271
6.34472
6.49392
6.64921
6.81273
6.9858
7.17051
7.36193
7.5686
7.78639
8.01899
8.26621
8.53609
8.82474
9.1354
9.47217
9.83981
10.2434
10.6907
11.1943
11.7614
12.4057
13.1612
14.0573
15.1505
16.5361
18.4364
21.326
27.3351
