0.000921678
0.00184419
0.00276521
0.00368967
0.00461759
0.0055462
0.00647902
0.00741508
0.008359
0.00930482
0.0102474
0.0111882
0.0121407
0.0130956
0.0140514
0.0150124
0.0159831
0.0169438
0.0179117
0.0188856
0.0198592
0.0208307
0.0218075
0.0227881
0.0237774
0.0247672
0.0257583
0.0267505
0.0277544
0.0287557
0.02977
0.0307826
0.0317906
0.0328
0.0337981
0.0348174
0.0358356
0.0368439
0.037869
0.0389067
0.0399394
0.040975
0.042014
0.0430626
0.0441194
0.0451697
0.0462193
0.0472817
0.0483403
0.0493938
0.0504556
0.0515321
0.052605
0.0536738
0.0547656
0.0558503
0.0569363
0.0580215
0.0591146
0.060204
0.0613076
0.0624128
0.0635166
0.0646291
0.0657476
0.0668668
0.067996
0.069127
0.0702522
0.0713795
0.0725248
0.0736655
0.0748154
0.075966
0.0771294
0.0782907
0.079463
0.0806248
0.0817889
0.0829558
0.0841289
0.0853148
0.0865073
0.0877015
0.0888921
0.0900922
0.091293
0.0925064
0.0937117
0.0949313
0.0961547
0.097375
0.0985967
0.0998147
0.101047
0.102296
0.103551
0.104804
0.106054
0.107308
0.108568
0.109839
0.111118
0.112396
0.113667
0.114951
0.116238
0.117542
0.118841
0.120153
0.121469
0.122778
0.124102
0.125445
0.12677
0.128108
0.129465
0.130828
0.132174
0.133531
0.134883
0.136266
0.137646
0.139028
0.14042
0.141824
0.143233
0.144645
0.146049
0.147475
0.148907
0.150345
0.151793
0.153237
0.154681
0.156136
0.157591
0.159057
0.160517
0.162009
0.163493
0.164991
0.166495
0.168006
0.169522
0.171041
0.172566
0.174099
0.175657
0.177201
0.178748
0.180309
0.181876
0.183445
0.185016
0.186607
0.188206
0.189827
0.191445
0.19306
0.194699
0.196349
0.198007
0.199669
0.201338
0.203009
0.204681
0.206366
0.208059
0.209756
0.211474
0.213198
0.214911
0.216653
0.218399
0.220159
0.22192
0.223697
0.225495
0.227292
0.229103
0.230901
0.232719
0.23455
0.236401
0.238252
0.240119
0.241988
0.243882
0.245781
0.247674
0.249589
0.251529
0.253447
0.255405
0.257366
0.259333
0.261309
0.263301
0.265314
0.267322
0.269348
0.271391
0.273441
0.275521
0.277602
0.279694
0.281812
0.283937
0.286071
0.288224
0.290403
0.292556
0.294748
0.296957
0.299154
0.301379
0.303633
0.305896
0.308164
0.310467
0.31276
0.315077
0.317401
0.319768
0.322133
0.324527
0.326942
0.32937
0.331812
0.334265
0.336735
0.339248
0.341759
0.344283
0.346822
0.349382
0.351965
0.354579
0.357209
0.359838
0.362478
0.36515
0.367882
0.370589
0.373365
0.376153
0.378952
0.381764
0.384601
0.387473
0.390355
0.393259
0.396199
0.399145
0.40211
0.405158
0.408214
0.411273
0.414405
0.417516
0.420634
0.423797
0.427026
0.430262
0.433532
0.436821
0.440144
0.44347
0.446877
0.450322
0.453777
0.457294
0.460845
0.464416
0.468018
0.471653
0.475332
0.479031
0.482835
0.486627
0.490493
0.494362
0.498316
0.502276
0.506272
0.510336
0.514418
0.518603
0.52282
0.527143
0.531493
0.535858
0.540284
0.544755
0.549305
0.55391
0.558511
0.563234
0.568034
0.572887
0.577821
0.582813
0.587929
0.593082
0.598291
0.603584
0.60897
0.614429
0.619944
0.625572
0.631273
0.637129
0.643053
0.649113
0.655233
0.661538
0.667905
0.674376
0.680925
0.687598
0.694503
0.701455
0.70864
0.71591
0.723264
0.730791
0.738492
0.746374
0.754532
0.762784
0.771217
0.779951
0.788845
0.797901
0.807252
0.81687
0.82675
0.837005
0.847631
0.858413
0.86952
0.880974
0.892849
0.90518
0.917881
0.930993
0.944615
0.958881
0.973683
0.9891
1.00515
1.02163
1.03878
1.0567
1.07546
1.09491
1.11543
1.13685
1.15931
1.18235
1.20689
1.23263
1.25959
1.28777
1.31702
1.34831
1.3809
1.41525
1.45137
1.4889
1.52881
1.57075
1.61474
1.66091
1.70958
1.76134
1.81639
1.87465
1.93654
2.00192
2.07097
2.14469
2.22352
2.30747
2.39831
2.49435
2.599
2.71253
2.83438
2.96749
3.11193
3.2693
3.44069
3.62909
3.83696
4.06741
4.32172
4.60621
4.92473
5.28065
5.68506
6.1345
6.64787
7.22792
7.89252
8.64987
9.52657
10.5341
11.703
13.0366
14.5806
16.3675
18.4175
20.7435
23.4128
26.4281
29.8094
33.6014
37.8222
42.505
47.6153
53.1661
59.1032
65.5211
72.4188
79.693
87.3013
95.3946
103.873
112.7
121.945
131.523
141.469
151.71
162.274
173.239
184.466
196.008
207.863
219.984
232.401
245.139
258.144
271.468
285.001
298.809
313.007
327.357
341.957
356.938
372.11
387.507
403.212
419.315
435.466
451.797
468.436
485.355
502.438
519.87
537.714
555.547
573.79
592.042
610.72
629.648
648.831
668.334
688.143
708.078
728.413
749.048
770.108
791.732
813.476
835.772
858.492
881.739
905.505
930.025
955.101
980.876
1007.75
1035.66
1064.69
1095.5
1127.45
1161.2
1197.65
1236.88
1279.39
1326.09
1378.08
1437.96
1507.75
1592.5
1702.85
1862.69
2171.33
