0.0818591
0.163978
0.24694
0.329877
0.412212
0.495463
0.578396
0.662027
0.745561
0.8289
0.912356
0.996871
1.08085
1.16556
1.25001
1.33489
1.41969
1.50545
1.59094
1.67724
1.76372
1.85023
1.93638
2.02261
2.10976
2.19693
2.28454
2.37169
2.45884
2.5472
2.63616
2.72468
2.81267
2.90171
2.99014
3.07961
3.16831
3.25848
3.34762
3.43763
3.52761
3.61746
3.70684
3.79639
3.88661
3.97764
4.06814
4.15947
4.25181
4.34379
4.43524
4.52661
4.61886
4.71176
4.8041
4.89665
4.98884
5.08291
5.17563
5.26905
5.36287
5.4566
5.54971
5.64411
5.73784
5.83156
5.92579
6.02063
6.11575
6.21083
6.30609
6.401
6.49707
6.59352
6.68963
6.78579
6.88126
6.97685
7.07304
7.17017
7.26673
7.36413
7.4619
7.55873
7.65567
7.75295
7.85052
7.94865
8.04696
8.14442
8.24284
8.34155
8.44027
8.5393
8.63866
8.7374
8.83596
8.93568
9.03609
9.13629
9.23697
9.33743
9.43701
9.5379
9.63903
9.73966
9.84026
9.94186
10.0432
10.1457
10.2465
10.3488
10.4505
10.5538
10.6559
10.7589
10.8618
10.9652
11.0687
11.1717
11.2749
11.3786
11.4819
11.5868
11.6912
11.7955
11.9007
12.005
12.1101
12.2153
12.3218
12.4278
12.5334
12.6388
12.7441
12.8504
12.9572
13.0636
13.1704
13.2779
13.385
13.4923
13.5987
13.7051
13.8141
13.9228
14.0309
14.1397
14.2484
14.3572
14.4662
14.5756
14.6844
14.7938
14.9033
15.0135
15.1241
15.2344
15.3449
15.4549
15.5661
15.6772
15.7879
15.8988
16.0107
16.1232
16.2342
16.3463
16.459
16.5707
16.6821
16.7953
16.9082
17.0216
17.135
17.2492
17.3623
17.477
17.5904
17.7056
17.8199
17.9345
18.049
18.1638
18.2795
18.3943
18.5106
18.6263
18.7423
18.8587
18.9749
19.0921
19.2101
19.3268
19.4442
19.5614
19.6792
19.7968
19.9145
20.0324
20.151
20.2696
20.3894
20.5083
20.6276
20.7467
20.8655
20.985
21.1059
21.226
21.3464
21.4657
21.5868
21.7075
21.8293
21.9508
22.0709
22.1926
22.3137
22.4361
22.5581
22.6806
22.8028
22.9258
23.0485
23.1711
23.2958
23.4203
23.5441
23.6683
23.7916
23.9169
24.0413
24.1664
24.2913
24.4167
24.5422
24.6669
24.7926
24.9185
25.0443
25.1705
25.2969
25.4241
25.5509
25.678
25.8059
25.9337
26.0612
26.1902
26.3191
26.4476
26.5769
26.7056
26.8354
26.9651
27.095
27.2251
27.3564
27.4864
27.6174
27.7473
27.8769
28.0083
28.1396
28.2697
28.4022
28.5346
28.6666
28.7988
28.9311
29.0631
29.1958
29.3293
29.4629
29.5978
29.732
29.8657
30.0007
30.1358
30.2711
30.4061
30.5422
30.6788
30.8141
30.9498
31.0869
31.2231
31.3597
31.4953
31.6312
31.7679
31.9055
32.0425
32.1816
32.3199
32.4582
32.5968
32.7361
32.8774
33.0169
33.1554
33.2952
33.4341
33.5759
33.7169
33.859
33.9994
34.1402
34.2809
34.4219
34.5626
34.7046
34.8468
34.9904
35.1346
35.2762
35.4203
35.5639
35.7084
35.8521
35.9965
36.1407
36.2867
36.4323
36.5783
36.724
36.8695
37.0161
37.1619
37.3081
37.4551
37.6026
37.7496
37.8964
38.045
38.1933
38.3421
38.4907
38.6403
38.7885
38.9376
39.087
39.2369
39.3874
39.5382
39.6901
39.8417
39.9929
40.1454
40.2985
40.4512
40.6056
40.7584
40.9126
41.0652
41.2194
41.3734
41.528
41.6832
41.8378
41.9922
42.1469
42.3021
42.4578
42.614
42.771
42.9269
43.0837
43.2397
43.3982
43.5571
43.7143
43.873
44.0319
44.1906
44.3489
44.5086
44.6689
44.8302
44.9913
45.1509
45.3125
45.4737
45.6344
45.7964
45.9588
46.1218
46.2837
46.4484
46.612
46.7778
46.9416
47.1067
47.2717
47.4362
47.599
47.7649
47.9302
48.0963
48.2633
48.4298
48.5979
48.7666
48.935
49.1012
49.2691
49.4377
49.6055
49.7736
49.9415
50.1117
50.2825
50.4537
50.6245
50.7961
50.968
51.1395
51.3135
51.4864
51.6589
51.8328
52.0056
52.1793
52.3535
52.5282
52.7035
52.8786
53.0549
53.2312
53.4074
53.5855
53.7637
53.9427
54.1216
54.2989
54.4774
54.6568
54.8348
55.0162
55.197
55.3756
55.5563
55.7373
55.9187
56.1006
56.2829
56.4658
56.6489
56.8323
57.0154
57.2008
57.3865
57.5713
57.7564
57.942
58.1271
58.3148
58.501
58.6896
58.8759
59.064
59.2522
59.4403
59.6305
59.8204
60.01
60.2013
60.3918
60.583
60.7723
60.9634
61.1554
61.3462
61.539
61.7314
61.9273
62.1201
62.3133
62.5093
62.7036
62.8989
63.0975
63.293
63.4889
63.6876
63.8865
64.0846
64.2832
64.4826
64.6827
64.8817
65.0816
65.2823
65.4858
65.6871
65.8907
66.0932
66.2955
66.4977
66.7024
66.9053
67.108
67.3118
67.5179
67.7209
67.929
68.1376
68.3445
68.5527
68.7596
68.9693
69.1783
69.3879
69.5971
69.8082
70.0198
70.2309
70.443
70.6565
70.8681
71.0817
71.2951
71.5094
71.7221
71.9354
72.1513
72.367
72.5849
72.8036
73.0196
73.2394
73.4593
73.6787
73.8978
74.119
74.3384
74.5602
74.7822
75.0066
75.2282
75.452
75.677
75.9021
76.1265
76.3518
76.5794
76.8053
77.0312
77.2583
77.4869
77.7177
77.9463
78.176
78.4063
78.6383
78.8687
79.1012
79.3322
79.5656
79.7982
80.0321
80.2687
80.5025
80.7402
80.9768
81.2149
81.4521
81.6932
81.9325
82.1698
82.4115
82.6518
82.8943
83.1365
83.3779
83.6215
83.8661
84.1099
84.3564
84.6039
84.8503
85.0983
85.3443
85.5934
85.8428
86.0906
86.3382
86.5894
86.8416
87.0968
87.3479
87.6007
87.8562
88.1117
88.3667
88.6228
88.8788
89.1362
89.3934
89.6522
89.9126
90.1721
90.4326
90.6961
90.9598
91.2237
91.4874
91.7479
92.013
92.2795
92.5454
92.8119
93.0799
93.3488
93.6202
93.8929
94.1643
94.4347
94.7081
94.9815
95.2537
95.5264
95.8035
96.0812
96.3582
96.6359
96.9159
97.1939
97.4752
97.7543
98.0372
98.3224
98.6056
98.8922
99.1782
99.4672
99.7539
100.043
100.33
100.616
100.906
101.197
101.486
101.777
102.072
102.367
102.66
102.956
103.251
103.55
103.847
104.149
104.45
104.752
105.053
105.356
105.66
105.964
106.272
106.576
106.885
107.195
107.504
107.814
108.129
108.44
108.754
109.068
109.388
109.707
110.024
110.342
110.659
110.981
111.301
111.623
111.945
112.27
112.596
112.923
113.249
113.58
113.91
114.24
114.57
114.905
115.241
115.578
115.913
116.251
116.591
116.929
117.271
117.613
117.957
118.301
118.647
118.995
119.339
119.692
120.044
120.397
120.75
121.106
121.46
121.82
122.178
122.538
122.898
123.26
123.624
123.989
124.356
124.723
125.094
125.465
125.837
126.208
126.584
126.96
127.337
127.714
128.094
128.475
128.855
129.24
129.626
130.017
130.405
130.793
131.186
131.575
131.968
132.364
132.76
133.156
133.555
133.954
134.363
134.767
135.17
135.579
135.986
136.4
136.817
137.228
137.647
138.067
138.493
138.914
139.337
139.759
140.184
140.614
141.041
141.473
141.905
142.336
142.77
143.21
143.65
144.088
144.532
144.981
145.428
145.879
146.33
146.785
147.239
147.695
148.156
148.619
149.081
149.549
150.018
150.491
150.965
151.439
151.915
152.395
152.876
153.36
153.841
154.331
154.827
155.322
155.825
156.327
156.827
157.325
157.824
158.335
158.842
159.355
159.873
160.387
160.901
161.425
161.951
162.476
163.011
163.546
164.082
164.617
165.161
165.708
166.252
166.803
167.358
167.916
168.475
169.041
169.607
170.177
170.747
171.324
171.904
172.49
173.074
173.662
174.255
174.847
175.442
176.046
176.655
177.268
177.885
178.495
179.121
179.739
180.359
180.989
181.62
182.252
182.892
183.532
184.181
184.832
185.489
186.156
186.828
187.495
188.17
188.847
189.531
190.222
190.929
191.624
192.326
193.033
193.748
194.47
195.187
195.911
196.637
197.372
198.114
198.857
199.61
200.367
201.135
201.903
202.678
203.459
204.244
205.041
205.838
206.642
207.451
208.271
209.098
209.933
210.774
211.624
212.473
213.328
214.197
215.066
215.936
216.819
217.707
218.609
219.513
220.425
221.354
222.283
223.22
224.163
225.112
226.079
227.051
228.034
229.026
230.04
231.051
232.077
233.108
234.151
235.198
236.259
237.344
238.432
239.535
240.643
241.761
242.886
244.028
245.179
246.347
247.52
248.721
249.933
251.152
252.391
253.641
254.901
256.18
257.475
258.777
260.123
261.465
262.829
264.209
265.609
267.028
268.461
269.926
271.413
272.899
274.419
275.964
277.524
279.113
280.714
282.349
284.029
285.693
287.41
289.157
290.935
292.751
294.594
296.449
298.355
300.325
302.295
304.299
306.342
308.436
310.591
312.755
314.975
317.265
319.575
321.963
324.366
326.852
329.36
331.965
334.619
337.381
340.174
343.058
346.015
349.07
352.191
355.422
358.78
362.246
365.776
369.429
373.221
377.154
381.269
385.541
389.998
394.677
399.488
404.59
409.928
415.526
421.44
427.725
434.382
441.467
449.089
457.236
466.036
475.689
486.456
498.237
511.387
526.64
544.449
565.715
592.638
628.08
681.733
795.75
