0.0707778
0.142011
0.212921
0.284601
0.355722
0.426898
0.498469
0.569503
0.641569
0.712864
0.784912
0.856879
0.929206
1.00143
1.07347
1.14574
1.21885
1.29173
1.36393
1.43658
1.50867
1.58134
1.65465
1.72782
1.80081
1.87413
1.94743
2.02089
2.09442
2.1683
2.24304
2.31736
2.39125
2.46526
2.53904
2.61281
2.68706
2.76125
2.83575
2.90995
2.98423
3.05864
3.13297
3.20733
3.2817
3.35636
3.43163
3.50734
3.58212
3.65766
3.7326
3.80811
3.88374
3.95952
4.03508
4.10977
4.18537
4.26113
4.3375
4.41357
4.48964
4.5661
4.64251
4.71886
4.7951
4.87171
4.94825
5.02481
5.10153
5.17842
5.2554
5.33231
5.40974
5.48716
5.56488
5.64277
5.72046
5.79773
5.87535
5.95306
6.03103
6.10857
6.18672
6.26529
6.34434
6.4226
6.5012
6.57963
6.65822
6.73612
6.81508
6.89405
6.97336
7.05228
7.1316
7.2109
7.28996
7.36897
7.4487
7.52871
7.60806
7.68771
7.76775
7.84767
7.92747
8.00811
8.08864
8.16896
8.24968
8.33027
8.41107
8.49239
8.57245
8.6532
8.73467
8.8158
8.89713
8.97792
9.05941
9.14095
9.22271
9.30504
9.38705
9.46816
9.54952
9.63198
9.71464
9.7968
9.87904
9.96182
10.0443
10.1269
10.2098
10.2929
10.376
10.4601
10.544
10.6268
10.7097
10.7935
10.8767
10.9603
11.0441
11.1282
11.2128
11.2977
11.3822
11.4673
11.5524
11.6373
11.7221
11.8076
11.8933
11.9786
12.064
12.1494
12.2348
12.3208
12.4061
12.4927
12.5786
12.6649
12.7509
12.8368
12.9231
13.0098
13.097
13.1831
13.2705
13.3572
13.4442
13.5311
13.6191
13.7066
13.7945
13.8829
13.971
14.0589
14.1467
14.2355
14.324
14.4124
14.5012
14.59
14.6793
14.7682
14.8573
14.9456
15.0352
15.1242
15.2142
15.3038
15.3942
15.4839
15.5739
15.6641
15.754
15.8442
15.9335
16.024
16.1145
16.2054
16.2973
16.3875
16.4796
16.5709
16.6621
16.753
16.8448
16.9364
17.0294
17.1223
17.215
17.3077
17.4009
17.4942
17.5877
17.6813
17.7742
17.8671
17.9607
18.0545
18.1482
18.2425
18.3368
18.4306
18.5246
18.6188
18.713
18.8073
18.9021
18.9962
19.0903
19.186
19.2816
19.3764
19.4714
19.5667
19.6626
19.7587
19.8547
19.9509
20.0467
20.1424
20.2391
20.3366
20.4344
20.5316
20.6288
20.7256
20.8229
20.9205
21.0198
21.117
21.2145
21.3123
21.4102
21.5093
21.6075
21.7064
21.8048
21.9037
22.0037
22.1032
22.2027
22.3029
22.4031
22.5028
22.6031
22.7036
22.8043
22.905
23.0052
23.1061
23.2077
23.3091
23.4103
23.512
23.6133
23.7149
23.8175
23.9192
24.0209
24.124
24.2265
24.3307
24.4339
24.5374
24.6409
24.7446
24.849
24.9531
25.0573
25.1614
25.2651
25.3694
25.4749
25.5798
25.6853
25.7912
25.8954
26.0008
26.1064
26.2116
26.317
26.4235
26.53
26.6365
26.7432
26.8499
26.9572
27.0644
27.1715
27.2783
27.3855
27.493
27.6009
27.7089
27.817
27.9256
28.0341
28.1435
28.2527
28.3611
28.4709
28.5811
28.6908
28.8016
28.9114
29.0218
29.1327
29.2425
29.3531
29.4639
29.5745
29.6848
29.7968
29.9089
30.0197
30.1311
30.2433
30.3547
30.4662
30.58
30.6933
30.8069
30.9201
31.0335
31.1468
31.2617
31.3762
31.4907
31.605
31.7197
31.8344
31.9499
32.0659
32.182
32.2979
32.4136
32.5306
32.6472
32.7641
32.8806
32.9966
33.1141
33.2315
33.3501
33.4675
33.5857
33.7046
33.823
33.9408
34.0611
34.1806
34.2984
34.4179
34.5378
34.658
34.7799
34.9014
35.0231
35.1442
35.2656
35.3873
35.5096
35.631
35.7526
35.8752
35.9978
36.1203
36.2434
36.367
36.4901
36.6141
36.7375
36.8615
36.985
37.1095
37.2341
37.358
37.4823
37.6083
37.7345
37.8591
37.984
38.1102
38.2366
38.3638
38.4914
38.6183
38.7457
38.8742
39.0029
39.1305
39.2595
39.3891
39.5194
39.6467
39.776
39.9053
40.0358
40.1666
40.2977
40.4276
40.5583
40.6903
40.8225
40.9539
41.0853
41.2183
41.3508
41.4832
41.6166
41.7506
41.8835
42.0171
42.1511
42.2854
42.4211
42.5563
42.6905
42.8241
42.9609
43.0966
43.2322
43.3696
43.5076
43.645
43.7816
43.9188
44.0558
44.194
44.3324
44.4712
44.6119
44.7508
44.8906
45.031
45.1719
45.3117
45.4531
45.5946
45.7367
45.8789
46.0216
46.1634
46.3065
46.448
46.5916
46.7358
46.8795
47.0249
47.1702
47.3159
47.4595
47.606
47.7533
47.8984
48.0442
48.1901
48.3372
48.4839
48.6325
48.7812
48.9303
49.0792
49.2283
49.3778
49.5283
49.6791
49.8304
49.9808
50.1325
50.2832
50.4361
50.5875
50.7399
50.8938
51.0467
51.2003
51.3548
51.509
51.664
51.8195
51.9744
52.1292
52.2844
52.4415
52.5994
52.7569
52.9155
53.0736
53.2312
53.3875
53.5457
53.7048
53.8645
54.0253
54.186
54.3477
54.5091
54.6701
54.8323
54.9947
55.1578
55.3217
55.4866
55.6511
55.8142
55.9799
56.1458
56.3133
56.4787
56.6453
56.8114
56.9782
57.1461
57.3147
57.4842
57.653
57.8225
57.9922
58.1628
58.3324
58.5039
58.6755
58.8471
59.0198
59.1933
59.3677
59.5407
59.7139
59.8893
60.0632
60.2372
60.4129
60.5907
60.7671
60.9438
61.1219
61.3002
61.4786
61.6589
61.8374
62.0177
62.1998
62.3797
62.5628
62.7454
62.9282
63.1111
63.2938
63.477
63.6623
63.8455
64.0321
64.2185
64.4061
64.5924
64.7793
64.967
65.1573
65.3449
65.5339
65.7239
65.914
66.1057
66.2969
66.491
66.6855
66.8775
67.0731
67.2682
67.4633
67.6592
67.8559
68.0529
68.2493
68.4487
68.6485
68.8472
69.0472
69.2476
69.4485
69.6515
69.8528
70.0546
70.2581
70.4607
70.6646
70.868
71.0742
71.2807
71.4892
71.6979
71.9066
72.1159
72.3272
72.537
72.7492
72.9613
73.1753
73.3893
73.6044
73.8197
74.0361
74.2523
74.469
74.6861
74.904
75.1207
75.3402
75.5591
75.7802
76.0006
76.2225
76.442
76.6663
76.8912
77.1154
77.3412
77.5698
77.7965
78.0214
78.2521
78.4839
78.7151
78.9467
79.1801
79.4129
79.647
79.8808
80.1155
80.3528
80.5885
80.8278
81.0687
81.3066
81.5478
81.788
82.0314
82.2721
82.5159
82.7623
83.007
83.2548
83.5017
83.7518
84.0033
84.2526
84.503
84.7534
85.0079
85.2618
85.5148
85.7697
86.027
86.2841
86.5427
86.8022
87.0614
87.3239
87.5852
87.8498
88.1138
88.3802
88.6472
88.9177
89.1858
89.4562
89.7252
89.9958
90.2677
90.5427
90.8197
91.0961
91.3716
91.648
91.9278
92.2085
92.4905
92.7751
93.0606
93.3451
93.6334
93.9201
94.2101
94.4989
94.792
95.0827
95.3784
95.6727
95.9695
96.2642
96.5618
96.862
97.1651
97.4688
97.7719
98.0766
98.3813
98.6899
99.0012
99.3118
99.6243
99.937
100.253
100.57
100.889
101.209
101.531
101.852
102.172
102.497
102.826
103.155
103.485
103.817
104.151
104.489
104.825
105.164
105.503
105.845
106.185
106.531
106.876
107.224
107.575
107.928
108.283
108.642
108.999
109.362
109.725
110.087
110.452
110.818
111.187
111.558
111.932
112.305
112.68
113.056
113.439
113.824
114.208
114.596
114.985
115.377
115.771
116.167
116.568
116.97
117.373
117.778
118.184
118.591
119.005
119.419
119.835
120.257
120.681
121.106
121.534
121.966
122.396
122.828
123.265
123.709
124.158
124.605
125.05
125.503
125.959
126.415
126.878
127.342
127.813
128.284
128.757
129.236
129.721
130.204
130.692
131.183
131.677
132.174
132.677
133.18
133.686
134.204
134.72
135.242
135.768
136.292
136.823
137.356
137.896
138.438
138.986
139.539
140.094
140.657
141.222
141.79
142.364
142.945
143.528
144.112
144.711
145.307
145.912
146.523
147.139
147.756
148.379
149.01
149.643
150.28
150.927
151.582
152.238
152.899
153.565
154.232
154.912
155.602
156.299
157
157.703
158.424
159.149
159.886
160.63
161.377
162.125
162.885
163.655
164.433
165.216
166.01
166.811
167.623
168.443
169.273
170.11
170.961
171.828
172.702
173.59
174.486
175.386
176.31
177.237
178.175
179.12
180.078
181.056
182.038
183.041
184.051
185.074
186.111
187.163
188.228
189.306
190.405
191.516
192.649
193.801
194.975
196.162
197.365
198.589
199.835
201.098
202.379
203.681
205.006
206.349
207.72
209.129
210.544
211.992
213.455
214.948
216.477
218.035
219.593
221.206
222.865
224.522
226.238
227.966
229.734
231.544
233.401
235.294
237.229
239.201
241.225
243.294
245.418
247.577
249.795
252.066
254.382
256.731
259.175
261.69
264.251
266.864
269.559
272.32
275.158
278.09
281.09
284.155
287.358
290.605
293.961
297.417
300.996
304.647
308.414
312.313
316.338
320.481
324.734
329.158
333.734
338.457
343.391
348.46
353.699
359.136
364.829
370.655
376.709
383.006
389.526
396.321
403.388
410.781
418.472
426.464
434.816
443.668
452.83
462.528
472.702
483.384
494.663
506.706
519.416
532.785
547.093
562.493
578.782
596.489
615.637
636.521
659.279
683.874
711.018
741.331
775.379
813.897
858.134
909.449
969.948
1043.13
1136.35
1260.03
1437.88
1750.33
2461.22
4282.62
