12.0321
14.5
16.0933
17.3184
18.3261
19.194
19.9682
20.668
21.311
21.9057
22.4601
22.9846
23.4819
23.9566
24.4018
24.838
25.2521
25.6543
26.041
26.4164
26.7807
27.1348
27.4768
27.8123
28.1398
28.4587
28.7735
29.0784
29.3787
29.6713
29.9588
30.2382
30.515
30.7864
31.0512
31.3137
31.5725
31.8268
32.0799
32.3277
32.5711
32.8117
33.048
33.283
33.5135
33.7444
33.9715
34.1944
34.4164
34.6342
34.8522
35.0658
35.2793
35.4879
35.6954
35.9006
36.1047
36.3078
36.5102
36.7102
36.9074
37.1029
37.2968
37.4899
37.6827
37.8731
38.0613
38.2475
38.4336
38.618
38.8005
38.9824
39.1635
39.3436
39.5211
39.6978
39.8723
40.0475
40.2212
40.3928
40.5645
40.7348
40.904
41.0721
41.2379
41.4044
41.5697
41.7354
41.8995
42.0635
42.2246
42.3863
42.5472
42.7071
42.8665
43.0254
43.1824
43.3391
43.4958
43.6516
43.8047
43.9589
44.1131
44.2657
44.4189
44.571
44.7209
44.8718
45.022
45.1709
45.3206
45.4686
45.6164
45.764
45.9105
46.0567
46.202
46.347
46.4924
46.6361
46.7809
46.9241
47.0663
47.2087
47.3507
47.4934
47.635
47.7746
47.9141
48.0535
48.1932
48.3325
48.471
48.6098
48.7471
48.8837
49.0206
49.1577
49.2938
49.4286
49.5655
49.7008
49.8361
49.9706
50.1044
50.2381
50.3709
50.5043
50.6373
50.7693
50.9003
51.0316
51.1613
51.2926
51.4239
51.5552
51.685
51.814
51.9437
52.0724
52.2008
52.3312
52.4596
52.5876
52.7152
52.8435
52.9699
53.0975
53.2253
53.352
53.477
53.6048
53.7318
53.8586
53.9837
54.1091
54.2338
54.3593
54.4834
54.6085
54.7324
54.8569
54.9817
55.105
55.2277
55.352
55.4748
55.5974
55.7212
55.8444
55.9648
56.087
56.2086
56.3297
56.4526
56.5746
56.6964
56.8164
56.9379
57.0583
57.1784
57.2998
57.4201
57.54
57.6603
57.7815
57.9019
58.0225
58.1431
58.2632
58.3828
58.502
58.6198
58.7383
58.8567
58.9753
59.0945
59.2131
59.3302
59.4491
59.567
59.6842
59.8016
59.9197
60.0372
60.1541
60.2717
60.3892
60.506
60.6234
60.7403
60.8557
60.9714
61.0882
61.2041
61.3199
61.4359
61.5517
61.6667
61.7822
61.8986
62.014
62.1284
62.2438
62.3594
62.4745
62.59
62.7046
62.8199
62.9348
63.0491
63.1635
63.2781
63.393
63.5088
63.624
63.7378
63.8531
63.967
64.0814
64.196
64.3104
64.4229
64.5369
64.6502
64.7645
64.8778
64.9918
65.1055
65.2177
65.3313
65.4442
65.558
65.6717
65.7843
65.8987
66.0111
66.1236
66.2362
66.3492
66.4626
66.5754
66.6883
66.8016
66.9138
67.0263
67.1391
67.2518
67.364
67.4771
67.5897
67.7013
67.8139
67.9262
68.0379
68.1507
68.2631
68.3752
68.4876
68.5995
68.7126
68.8261
68.9377
69.0488
69.1606
69.2724
69.3843
69.4962
69.6076
69.7203
69.8319
69.9438
70.0559
70.1683
70.2794
70.3907
70.5023
70.6142
70.7255
70.8369
70.9486
71.0609
71.1726
71.2846
71.3957
71.5076
71.6193
71.7308
71.8423
71.9541
72.0654
72.1776
72.2894
72.4007
72.5129
72.6244
72.7354
72.8466
72.9581
73.0695
73.1813
73.2929
73.4044
73.5162
73.6282
73.7392
73.8507
73.9617
74.0736
74.185
74.296
74.4084
74.5206
74.6321
74.7449
74.8567
74.9687
75.0803
75.1916
75.302
75.4145
75.5259
75.638
75.7495
75.861
75.9731
76.0849
76.1957
76.3075
76.4199
76.5327
76.6446
76.7576
76.8697
76.9817
77.0929
77.2042
77.316
77.4289
77.5411
77.6528
77.7645
77.8767
77.9886
78.1007
78.213
78.3251
78.4377
78.5494
78.6621
78.7749
78.8866
78.9989
79.1121
79.2259
79.338
79.4504
79.5623
79.6755
79.7865
79.8993
80.0116
80.1241
80.2374
80.3505
80.4634
80.5767
80.6893
80.8033
80.916
81.0283
81.1416
81.2558
81.3694
81.4831
81.5964
81.7092
81.8233
81.9362
82.0496
82.1639
82.2772
82.391
82.5059
82.6197
82.7327
82.8462
82.9605
83.0732
83.1868
83.3004
83.4154
83.5299
83.6442
83.7596
83.8735
83.9882
84.1036
84.2188
84.3326
84.4485
84.5625
84.6773
84.7914
84.9056
85.0211
85.1379
85.2534
85.3685
85.484
85.5999
85.7163
85.8324
85.9482
86.0651
86.1801
86.2965
86.4131
86.5288
86.645
86.7608
86.8781
86.9948
87.112
87.2298
87.3469
87.4639
87.5828
87.7001
87.8173
87.9344
88.0516
88.1682
88.2854
88.4026
88.5208
88.6392
88.7569
88.8746
88.9932
89.1128
89.2318
89.351
89.4696
89.5887
89.7084
89.8273
89.9471
90.0669
90.1867
90.3055
90.4248
90.5437
90.6622
90.7812
90.901
91.0211
91.1412
91.2613
91.3806
91.5002
91.6213
91.7415
91.8619
91.9814
92.1031
92.2244
92.3454
92.4667
92.5885
92.7092
92.8295
92.9527
93.0735
93.1964
93.3199
93.4416
93.5642
93.6868
93.8097
93.933
94.0562
94.1795
94.3023
94.4263
94.5503
94.6747
94.7979
94.9208
95.0455
95.17
95.294
95.4176
95.5408
95.6646
95.7887
95.9136
96.0395
96.1651
96.291
96.4149
96.5409
96.6669
96.7931
96.9196
97.0457
97.1719
97.2975
97.424
97.5498
97.6761
97.8038
97.9305
98.0583
98.1845
98.3113
98.4397
98.5686
98.6967
98.8244
98.9531
99.0819
99.2112
99.3404
99.4693
99.5989
99.7287
99.8585
99.9878
100.118
100.249
100.38
100.511
100.641
100.771
100.903
101.035
101.165
101.296
101.428
101.558
101.69
101.822
101.954
102.087
102.22
102.351
102.485
102.62
102.751
102.884
103.019
103.153
103.288
103.423
103.558
103.694
103.829
103.965
104.1
104.236
104.373
104.508
104.645
104.783
104.92
105.058
105.195
105.332
105.469
105.607
105.744
105.882
106.021
106.161
106.298
106.437
106.575
106.715
106.855
106.995
107.134
107.274
107.416
107.557
107.698
107.84
107.981
108.124
108.266
108.409
108.553
108.696
108.839
108.984
109.129
109.273
109.419
109.564
109.711
109.856
110.002
110.147
110.294
110.441
110.588
110.736
110.882
111.03
111.179
111.327
111.476
111.625
111.774
111.923
112.072
112.221
112.372
112.522
112.673
112.825
112.975
113.127
113.279
113.432
113.585
113.739
113.892
114.046
114.199
114.353
114.509
114.664
114.819
114.973
115.127
115.284
115.439
115.596
115.753
115.911
116.069
116.228
116.386
116.544
116.704
116.865
117.025
117.186
117.346
117.507
117.668
117.829
117.992
118.155
118.318
118.481
118.645
118.809
118.974
119.139
119.305
119.471
119.637
119.802
119.97
120.136
120.304
120.473
120.64
120.81
120.98
121.151
121.321
121.493
121.664
121.835
122.008
122.182
122.356
122.53
122.704
122.879
123.055
123.231
123.406
123.582
123.759
123.935
124.114
124.292
124.47
124.65
124.829
125.009
125.189
125.369
125.551
125.735
125.917
126.102
126.286
126.469
126.655
126.842
127.029
127.217
127.405
127.593
127.781
127.969
128.158
128.348
128.537
128.73
128.92
129.113
129.305
129.5
129.696
129.892
130.087
130.283
130.479
130.676
130.873
131.073
131.271
131.47
131.671
131.872
132.075
132.278
132.483
132.688
132.895
133.1
133.305
133.514
133.722
133.929
134.139
134.349
134.56
134.773
134.985
135.199
135.414
135.627
135.84
136.057
136.274
136.495
136.715
136.935
137.154
137.375
137.598
137.822
138.047
138.271
138.498
138.728
138.958
139.187
139.418
139.648
139.88
140.112
140.349
140.586
140.82
141.056
141.295
141.536
141.775
142.017
142.259
142.501
142.744
142.99
143.24
143.488
143.738
143.985
144.238
144.492
144.747
145.001
145.257
145.514
145.774
146.036
146.296
146.559
146.822
147.087
147.352
147.619
147.888
148.157
148.425
148.698
148.972
149.248
149.525
149.805
150.084
150.367
150.651
150.934
151.218
151.506
151.796
152.087
152.38
152.675
152.975
153.275
153.577
153.882
154.187
154.49
154.8
155.11
155.42
155.736
156.054
156.376
156.697
157.019
157.345
157.673
158.004
158.334
158.666
159.004
159.342
159.683
160.024
160.369
160.716
161.067
161.419
161.774
162.134
162.495
162.855
163.222
163.592
163.963
164.339
164.718
165.1
165.489
165.878
166.27
166.666
167.062
167.465
167.87
168.277
168.69
169.104
169.522
169.944
170.372
170.802
171.235
171.679
172.123
172.573
173.023
173.48
173.941
174.405
174.873
175.349
175.833
176.322
176.813
177.311
177.819
178.328
178.842
179.367
179.891
180.426
180.965
181.514
182.063
182.625
183.194
183.772
184.355
184.951
185.548
186.159
186.778
187.405
188.048
188.697
189.356
190.023
190.703
191.393
192.093
192.798
193.523
194.264
195.025
195.788
196.566
197.363
198.172
198.995
199.84
200.706
201.59
202.481
203.403
204.344
205.305
206.287
207.304
208.339
209.407
210.496
211.625
212.781
213.983
215.212
216.48
217.798
219.152
220.569
222.035
223.576
225.165
226.832
228.58
230.42
232.349
234.393
236.538
238.812
241.223
243.827
246.633
249.699
253.031
256.705
260.813
265.517
270.95
277.35
285.31
295.854
311.319
341.175
