0.00271464
0.00544115
0.00817761
0.0109073
0.0136484
0.0164238
0.0191764
0.0219323
0.0246986
0.0274836
0.0302595
0.0330612
0.0358342
0.0386252
0.0413734
0.0441518
0.0469413
0.0496966
0.0524582
0.0552623
0.0580727
0.060869
0.0637158
0.0665325
0.0693447
0.0721936
0.0750276
0.0778564
0.0806892
0.083536
0.0863486
0.0892016
0.0920596
0.0949351
0.097807
0.100719
0.103595
0.106469
0.109368
0.11227
0.115188
0.118102
0.121032
0.123931
0.126856
0.1298
0.132705
0.135648
0.138611
0.141541
0.144494
0.147442
0.150387
0.153352
0.156292
0.159273
0.162255
0.165252
0.168219
0.17123
0.174214
0.177192
0.180169
0.183193
0.18618
0.189196
0.192212
0.195222
0.198258
0.201289
0.204324
0.207394
0.210438
0.21348
0.21654
0.2196
0.222689
0.225775
0.228847
0.231939
0.235028
0.238117
0.241226
0.244367
0.247481
0.250602
0.253731
0.256873
0.26002
0.263179
0.266328
0.269498
0.272647
0.275798
0.27896
0.282143
0.28533
0.288508
0.291707
0.294886
0.29808
0.30129
0.304474
0.307698
0.310943
0.314182
0.31742
0.320624
0.323866
0.327099
0.330347
0.333601
0.336849
0.340083
0.343338
0.34664
0.349901
0.35321
0.356545
0.359854
0.363141
0.366468
0.369757
0.37309
0.376441
0.379797
0.383134
0.386473
0.389772
0.393143
0.396486
0.399888
0.403288
0.406685
0.4101
0.413513
0.416916
0.420354
0.423796
0.427242
0.430706
0.434147
0.437624
0.441081
0.444534
0.447991
0.451477
0.45494
0.458408
0.461881
0.465396
0.468892
0.472384
0.475912
0.479411
0.482924
0.48646
0.49002
0.493575
0.497171
0.500739
0.504305
0.507882
0.511473
0.515053
0.518661
0.522274
0.525901
0.529521
0.533158
0.536797
0.54042
0.544079
0.547725
0.551372
0.55504
0.558697
0.562382
0.566074
0.569759
0.573477
0.57719
0.580874
0.584615
0.588349
0.592121
0.595852
0.599617
0.603362
0.607115
0.610899
0.61466
0.618502
0.622299
0.626093
0.629893
0.633721
0.637561
0.641377
0.645233
0.649107
0.652959
0.656819
0.660689
0.664564
0.668417
0.67229
0.676206
0.68012
0.684034
0.687994
0.691958
0.695897
0.699863
0.703822
0.707783
0.71175
0.715769
0.719762
0.723769
0.727795
0.731809
0.735844
0.739882
0.743941
0.747995
0.752067
0.756149
0.760234
0.764331
0.768432
0.772578
0.776742
0.780845
0.784988
0.789122
0.793241
0.797382
0.801547
0.80573
0.809899
0.814091
0.81828
0.822474
0.826742
0.830987
0.835215
0.839476
0.843755
0.848003
0.852269
0.856557
0.860835
0.865144
0.869494
0.873842
0.878193
0.882552
0.886856
0.891233
0.895609
0.900011
0.904389
0.908772
0.913191
0.917596
0.922054
0.926531
0.930996
0.935455
0.939905
0.944445
0.948971
0.953488
0.958057
0.962602
0.967163
0.971718
0.97627
0.980824
0.985411
0.990013
0.994649
0.99928
1.0039
1.00852
1.01313
1.01779
1.02248
1.02716
1.03186
1.03654
1.04127
1.04604
1.05082
1.05554
1.06032
1.06509
1.0699
1.07468
1.07949
1.08431
1.08913
1.09392
1.09881
1.10365
1.10856
1.11344
1.11831
1.12319
1.12808
1.13304
1.138
1.14297
1.14797
1.15294
1.15792
1.16287
1.16789
1.17289
1.17793
1.18301
1.18812
1.19327
1.19832
1.2034
1.20851
1.2137
1.21885
1.22401
1.22919
1.23439
1.23958
1.24476
1.24996
1.25518
1.26039
1.26568
1.27098
1.27634
1.28171
1.28704
1.29239
1.29775
1.30313
1.30849
1.31387
1.31933
1.32477
1.33021
1.3357
1.3412
1.34668
1.35224
1.35775
1.3633
1.36883
1.37439
1.37996
1.38559
1.39117
1.39684
1.40247
1.40814
1.41375
1.41942
1.42512
1.43086
1.43655
1.44228
1.44806
1.45385
1.45964
1.46546
1.47132
1.47715
1.48295
1.48885
1.49467
1.50059
1.50651
1.51246
1.51839
1.52438
1.53034
1.53638
1.54243
1.54846
1.5545
1.56053
1.56664
1.57276
1.57886
1.58496
1.59115
1.59728
1.60352
1.60975
1.61599
1.62222
1.62847
1.63477
1.64103
1.64735
1.6538
1.66014
1.66649
1.67287
1.67929
1.68572
1.69225
1.69869
1.70518
1.71168
1.7182
1.72472
1.73126
1.73791
1.74458
1.75126
1.75794
1.76461
1.77136
1.77809
1.78487
1.79161
1.79844
1.80527
1.81212
1.81899
1.82583
1.83277
1.83966
1.84663
1.85358
1.86058
1.86765
1.87476
1.88185
1.88893
1.89605
1.90319
1.91037
1.91756
1.92482
1.93207
1.93924
1.94655
1.95383
1.96115
1.9685
1.97594
1.98336
1.9908
1.99824
2.00577
2.01328
2.02083
2.02839
2.03598
2.04356
2.05126
2.05896
2.06667
2.07442
2.08219
2.08997
2.09785
2.10569
2.11356
2.12144
2.12938
2.13731
2.14526
2.1533
2.16135
2.16947
2.17756
2.18564
2.19383
2.20201
2.21023
2.21851
2.22687
2.23512
2.24345
2.25179
2.26015
2.26862
2.2771
2.28561
2.29421
2.30279
2.31133
2.31998
2.32866
2.33738
2.34615
2.35493
2.3638
2.37264
2.38151
2.3904
2.39941
2.40836
2.41735
2.42636
2.43535
2.44451
2.45366
2.46285
2.47218
2.48139
2.49071
2.50004
2.50944
2.51891
2.52841
2.53792
2.54749
2.5571
2.56673
2.57636
2.58607
2.59587
2.60563
2.61553
2.62538
2.63531
2.64532
2.65544
2.66549
2.67552
2.68571
2.69596
2.70618
2.71643
2.72677
2.73716
2.74759
2.75807
2.76863
2.77919
2.78981
2.80054
2.81125
2.82203
2.83292
2.84382
2.85478
2.86582
2.87683
2.88804
2.89918
2.91042
2.92174
2.933
2.94434
2.95562
2.96713
2.97869
2.99021
3.00182
3.01352
3.02523
3.03716
3.04895
3.06086
3.07294
3.08505
3.09716
3.10939
3.12149
3.13382
3.14621
3.15873
3.1712
3.1838
3.19643
3.20907
3.22189
3.2347
3.24776
3.26088
3.27402
3.28713
3.30037
3.31377
3.32716
3.34062
3.3541
3.36768
3.38138
3.39513
3.409
3.42284
3.43675
3.45073
3.46489
3.47912
3.49351
3.50786
3.52236
3.53687
3.55136
3.56598
3.58076
3.59572
3.61073
3.62588
3.64113
3.65634
3.67177
3.68737
3.70298
3.71869
3.73445
3.75038
3.76639
3.7825
3.79872
3.81506
3.83137
3.84788
3.86436
3.88107
3.898
3.91516
3.93227
3.94964
3.96709
3.98448
4.00202
4.01973
4.03763
4.05559
4.07369
4.09182
4.11019
4.12871
4.14723
4.16598
4.18491
4.20396
4.2232
4.24257
4.26216
4.28195
4.30168
4.3217
4.34177
4.36205
4.3824
4.40314
4.42392
4.44488
4.46598
4.48721
4.50872
4.53042
4.55232
4.57423
4.59637
4.61876
4.64132
4.66406
4.68721
4.71039
4.73366
4.75728
4.78113
4.80511
4.82937
4.85397
4.8785
4.9034
4.92859
4.95416
4.97991
5.00559
5.03173
5.05795
5.08466
5.11152
5.13884
5.16631
5.19381
5.22196
5.25011
5.27871
5.30767
5.33696
5.36646
5.3962
5.42621
5.45669
5.48755
5.51867
5.55016
5.58178
5.61408
5.64681
5.67981
5.71322
5.74687
5.78108
5.81602
5.85122
5.88671
5.92269
5.95907
5.99618
6.03364
6.07109
6.10899
6.1473
6.18647
6.22598
6.2662
6.30693
6.34804
6.38983
6.43246
6.47566
6.51962
6.56385
6.60893
6.65484
6.70114
6.7486
6.79643
6.84459
6.89409
6.94439
6.99486
7.04616
7.09875
7.15229
7.20631
7.26108
7.3173
7.37441
7.43285
7.49162
7.55175
7.61341
7.67581
7.73964
7.80464
7.87063
7.93781
8.00619
8.07686
8.14859
8.22146
8.29646
8.37249
8.44983
8.52837
8.61035
8.69329
8.77785
8.86343
8.95192
9.04263
9.1355
9.231
9.32804
9.42733
9.52871
9.63363
9.74069
9.85097
9.96379
10.0805
10.1997
10.3227
10.4491
10.5782
10.7113
10.8474
10.9886
11.1333
11.2829
11.4381
11.5981
11.7619
11.9323
12.1078
12.2905
12.4784
12.6717
12.8717
13.0792
13.2953
13.5202
13.7528
13.9909
14.2415
14.5006
14.7703
15.0524
15.3434
15.6478
15.9673
16.2961
16.6385
16.9967
17.3727
17.7666
18.1827
18.6162
19.0711
19.5504
20.0498
20.5888
21.1475
21.743
22.3623
23.0212
23.7265
24.4637
25.2549
26.0893
26.9818
27.938
28.9424
30.0231
31.1733
32.3952
33.6864
35.0895
36.5833
38.162
39.852
41.6451
43.5507
45.571
47.7263
49.9905
52.365
54.8453
57.4522
60.1998
63.0958
66.1032
69.1759
72.4126
75.7497
79.1626
82.7225
86.3782
90.1302
93.9808
97.9422
101.976
106.107
110.344
114.613
118.953
123.425
127.952
132.565
137.267
141.994
146.793
151.677
156.621
161.673
166.752
171.931
177.17
182.458
187.803
193.175
198.643
204.225
209.817
215.47
221.222
226.996
232.876
238.765
244.719
250.712
256.768
262.914
269.102
275.353
281.646
288.037
294.479
300.91
307.449
314.059
320.677
327.414
334.203
341.059
347.976
354.953
361.985
369.048
376.174
383.343
390.623
397.936
405.215
412.651
420.108
427.725
435.263
442.904
450.647
458.457
466.356
474.274
482.232
490.23
498.283
506.426
514.602
522.897
531.236
539.643
548.067
556.58
565.169
573.813
582.487
591.304
600.143
609.067
617.972
627.036
636.038
645.169
654.423
663.718
673.056
682.512
692.091
701.7
711.449
721.192
731.051
741.021
750.994
761.139
771.388
781.759
792.197
802.785
813.422
824.246
835.169
846.241
857.51
868.911
880.406
892.037
903.85
915.854
928.074
940.346
952.96
965.783
978.836
992.1
1005.67
1019.52
1033.73
1048.3
1063.16
1078.45
1094.11
1110.32
1126.95
1144.3
1162.37
1180.99
1200.41
1220.6
1241.73
1264.04
1287.68
1312.68
1339.32
1367.68
1398.21
1431.84
1468.24
1509.06
1554.59
1607.38
1669.6
1746.58
1847.19
1994.71
2281.15
