10.0102
12.1287
13.479
14.52
15.3831
16.131
16.7965
17.394
17.9469
18.4602
18.9406
19.3913
19.8235
20.2337
20.6296
21.0031
21.3658
21.7172
22.0537
22.3802
22.6976
23.003
23.2973
23.5904
23.8751
24.152
24.4227
24.6887
24.9481
25.2041
25.454
25.7022
25.9444
26.1849
26.4198
26.6499
26.8754
27.0987
27.318
27.535
27.7485
27.9598
28.1678
28.3754
28.5785
28.7805
28.9812
29.1788
29.3736
29.5661
29.7572
29.9444
30.131
30.3159
30.4998
30.6832
30.8637
31.0433
31.2194
31.3956
31.5712
31.7432
31.9164
32.0878
32.2549
32.4213
32.5866
32.7519
32.9172
33.082
33.2448
33.4069
33.5665
33.7256
33.8821
34.0385
34.1953
34.3502
34.5054
34.6587
34.8122
34.9631
35.1139
35.2637
35.4125
35.5622
35.7096
35.8563
36.0034
36.1483
36.2949
36.439
36.5834
36.7265
36.868
37.0103
37.1516
37.2911
37.4315
37.5701
37.709
37.8476
37.9851
38.1221
38.2589
38.3939
38.5299
38.6647
38.7991
38.9339
39.0688
39.202
39.3338
39.4653
39.5972
39.7297
39.8603
39.9905
40.1208
40.2495
40.3781
40.5062
40.6342
40.7626
40.8909
41.0183
41.1442
41.2706
41.3959
41.5211
41.6464
41.7708
41.8961
42.0208
42.1446
42.2681
42.3932
42.5171
42.6404
42.7631
42.8846
43.0071
43.1277
43.2483
43.3701
43.4916
43.6119
43.7309
43.851
43.9711
44.0903
44.2097
44.3294
44.4484
44.5669
44.6842
44.8027
44.9206
45.0387
45.1567
45.2734
45.3908
45.5075
45.6236
45.7409
45.8573
45.9733
46.0889
46.2043
46.3194
46.434
46.5482
46.6623
46.7771
46.8915
47.005
47.1206
47.2347
47.3477
47.4614
47.5748
47.6886
47.8011
47.9145
48.0277
48.1403
48.2531
48.3657
48.4782
48.59
48.7016
48.8142
48.9259
49.0371
49.1494
49.2614
49.3731
49.4834
49.5944
49.7057
49.8159
49.9266
50.0364
50.1456
50.2553
50.3656
50.476
50.5866
50.6965
50.8058
50.9159
51.0257
51.1341
51.2441
51.3515
51.4606
51.57
51.6782
51.7879
51.8964
52.0049
52.1135
52.2221
52.3307
52.4389
52.5473
52.6559
52.7647
52.8714
52.9794
53.0879
53.1963
53.3052
53.4129
53.5205
53.6276
53.7349
53.8424
53.9496
54.0569
54.1638
54.2706
54.3785
54.4853
54.5924
54.6992
54.8061
54.9132
55.0209
55.1272
55.2338
55.3397
55.4467
55.5536
55.66
55.7663
55.8722
55.979
56.0853
56.1913
56.2968
56.4036
56.5085
56.6149
56.7204
56.8261
56.9313
57.037
57.1422
57.2482
57.354
57.4603
57.5646
57.6705
57.7758
57.8815
57.986
58.0897
58.1959
58.3016
58.4069
58.513
58.618
58.7233
58.8295
58.9349
59.0403
59.1463
59.2521
59.3579
59.4631
59.5682
59.6731
59.7794
59.8848
59.991
60.0964
60.2019
60.3072
60.4129
60.5171
60.6222
60.7274
60.8325
60.9374
61.0429
61.1479
61.2531
61.3588
61.4643
61.57
61.6748
61.7805
61.8863
61.991
62.0955
62.201
62.3055
62.4111
62.5157
62.6208
62.7262
62.8319
62.9374
63.043
63.1487
63.2551
63.3601
63.4655
63.5718
63.6784
63.7845
63.89
63.996
64.1023
64.2086
64.3146
64.421
64.5281
64.6342
64.7393
64.8462
64.952
65.0578
65.1637
65.2701
65.3769
65.4829
65.5887
65.6951
65.8006
65.9058
66.0119
66.1186
66.2261
66.3321
66.4389
66.5452
66.6517
66.7575
66.8638
66.9707
67.0763
67.1821
67.2895
67.3962
67.5024
67.6088
67.7163
67.824
67.9306
68.0382
68.1451
68.2522
68.3593
68.4665
68.5747
68.6827
68.7898
68.8969
69.0041
69.1128
69.22
69.328
69.4361
69.5447
69.6539
69.7613
69.8681
69.9769
70.0856
70.1934
70.3025
70.4115
70.5211
70.6307
70.7387
70.8467
70.9562
71.0642
71.1724
71.2813
71.3897
71.4993
71.609
71.7189
71.8284
71.9379
72.0472
72.1572
72.2672
72.3764
72.4864
72.5957
72.7049
72.8147
72.9266
73.037
73.1477
73.2586
73.3678
73.4787
73.5898
73.7004
73.8121
73.9233
74.0349
74.1458
74.2575
74.3687
74.4807
74.5925
74.7046
74.8172
74.9279
75.0401
75.1526
75.2652
75.3772
75.4891
75.6009
75.7135
75.8251
75.9374
76.0501
76.164
76.2769
76.3906
76.5041
76.617
76.7311
76.8442
76.9584
77.0727
77.1872
77.3016
77.4159
77.5307
77.6452
77.761
77.8759
77.9908
78.1064
78.2218
78.3368
78.4525
78.5682
78.6849
78.8003
78.916
79.0322
79.1483
79.2652
79.3812
79.4969
79.6137
79.7298
79.8472
79.9642
80.0824
80.2004
80.3194
80.4373
80.5552
80.6736
80.7915
80.91
81.0291
81.1472
81.2657
81.3855
81.5055
81.6253
81.745
81.8636
81.9826
82.1022
82.2219
82.3411
82.4608
82.5812
82.7016
82.823
82.9439
83.065
83.1863
83.3084
83.4298
83.5511
83.6721
83.7943
83.9159
84.038
84.1609
84.2846
84.4076
84.5305
84.6541
84.7773
84.9027
85.027
85.1506
85.2753
85.3987
85.523
85.6479
85.7731
85.8974
86.0235
86.1491
86.2754
86.4007
86.5269
86.6536
86.7801
86.9081
87.0347
87.1629
87.2904
87.4187
87.5465
87.6743
87.8027
87.9303
88.0589
88.1876
88.3169
88.4464
88.5766
88.7055
88.8364
88.9672
89.0982
89.2302
89.3614
89.4928
89.6237
89.7562
89.8882
90.019
90.1518
90.2844
90.4174
90.5504
90.6842
90.8185
90.9525
91.0871
91.2223
91.3571
91.4923
91.6271
91.7631
91.8991
92.0352
92.1716
92.3082
92.4448
92.5817
92.7205
92.8586
92.9959
93.1344
93.2719
93.4099
93.549
93.69
93.8288
93.969
94.1089
94.2485
94.3883
94.5293
94.6706
94.8123
94.9537
95.0957
95.2392
95.3821
95.5246
95.6676
95.8116
95.9534
96.0971
96.2426
96.3862
96.5321
96.678
96.8242
96.9702
97.1175
97.264
97.4118
97.5604
97.7078
97.8566
98.0061
98.1545
98.3026
98.4518
98.6008
98.7517
98.9031
99.0536
99.2052
99.3559
99.5083
99.6603
99.8137
99.9675
100.12
100.275
100.43
100.585
100.74
100.894
101.049
101.205
101.362
101.519
101.677
101.835
101.993
102.152
102.311
102.47
102.631
102.791
102.952
103.115
103.276
103.437
103.599
103.76
103.923
104.087
104.252
104.416
104.581
104.745
104.912
105.079
105.246
105.413
105.581
105.75
105.921
106.089
106.259
106.43
106.602
106.775
106.947
107.122
107.296
107.47
107.643
107.819
107.994
108.169
108.345
108.522
108.7
108.879
109.057
109.235
109.414
109.595
109.777
109.96
110.143
110.326
110.509
110.694
110.878
111.065
111.252
111.438
111.625
111.814
112.004
112.193
112.383
112.573
112.764
112.956
113.15
113.345
113.539
113.733
113.929
114.126
114.324
114.522
114.721
114.92
115.12
115.321
115.523
115.725
115.927
116.129
116.333
116.537
116.744
116.95
117.156
117.364
117.574
117.787
117.999
118.211
118.424
118.638
118.854
119.07
119.287
119.504
119.723
119.942
120.163
120.384
120.607
120.831
121.053
121.278
121.506
121.734
121.963
122.192
122.422
122.653
122.885
123.116
123.353
123.588
123.824
124.064
124.301
124.542
124.783
125.026
125.271
125.516
125.763
126.011
126.258
126.508
126.759
127.011
127.264
127.52
127.775
128.034
128.293
128.553
128.813
129.076
129.34
129.605
129.873
130.14
130.41
130.681
130.955
131.227
131.5
131.779
132.058
132.339
132.621
132.903
133.186
133.473
133.76
134.051
134.342
134.639
134.933
135.232
135.534
135.835
136.139
136.446
136.752
137.06
137.372
137.684
138
138.318
138.638
138.959
139.28
139.607
139.935
140.268
140.6
140.935
141.274
141.611
141.95
142.291
142.637
142.984
143.333
143.688
144.042
144.399
144.758
145.123
145.49
145.857
146.228
146.599
146.977
147.356
147.739
148.123
148.511
148.902
149.293
149.69
150.086
150.488
150.895
151.304
151.719
152.135
152.556
152.978
153.403
153.834
154.268
154.707
155.149
155.592
156.041
156.495
156.953
157.416
157.884
158.358
158.835
159.311
159.793
160.28
160.775
161.273
161.776
162.286
162.798
163.318
163.838
164.366
164.897
165.435
165.979
166.525
167.083
167.64
168.205
168.776
169.352
169.934
170.522
171.116
171.721
172.333
172.948
173.571
174.205
174.84
175.482
176.136
176.802
177.472
178.148
178.833
179.527
180.229
180.939
181.657
182.383
183.116
183.858
184.61
185.375
186.152
186.939
187.741
188.553
189.374
190.199
191.035
191.884
192.753
193.623
194.522
195.43
196.351
197.289
198.234
199.195
200.159
201.161
202.162
203.182
204.219
205.271
206.343
207.433
208.547
209.677
210.818
211.994
213.186
214.398
215.64
216.908
218.189
219.502
220.829
222.177
223.566
224.973
226.419
227.884
229.396
230.929
232.513
234.106
235.749
237.44
239.149
240.912
242.727
244.596
246.511
248.46
250.48
252.53
254.64
256.826
259.072
261.399
263.778
266.218
268.756
271.379
274.104
276.906
279.816
282.825
285.963
289.247
292.65
296.201
299.92
303.837
307.903
312.251
316.794
321.608
326.73
332.184
338.03
344.285
351.034
358.32
366.326
375.16
384.999
396.055
408.507
423.008
440.229
461.862
490.309
532.287
612.169
