0.344467
0.420284
0.4698
0.508199
0.540573
0.568735
0.59374
0.616778
0.637993
0.657804
0.676295
0.693842
0.710576
0.726616
0.741815
0.75653
0.770689
0.784367
0.797575
0.810434
0.823004
0.835418
0.847368
0.85899
0.87038
0.881536
0.892455
0.903168
0.913735
0.924116
0.934337
0.94435
0.954315
0.96414
0.973671
0.983082
0.992419
1.00166
1.0108
1.01971
1.02864
1.03743
1.04616
1.05481
1.06336
1.07189
1.08023
1.08853
1.09673
1.10486
1.11297
1.12102
1.12889
1.13678
1.1446
1.1523
1.16007
1.16772
1.17535
1.18284
1.19034
1.19777
1.20515
1.21248
1.21975
1.22703
1.23419
1.24144
1.24859
1.2557
1.26273
1.26978
1.27674
1.28365
1.29054
1.29743
1.30432
1.31119
1.31803
1.32479
1.33154
1.33829
1.34496
1.35161
1.35824
1.36484
1.37142
1.378
1.38448
1.39099
1.39742
1.40389
1.41029
1.41675
1.42319
1.4296
1.43605
1.44244
1.44882
1.4551
1.46141
1.46773
1.47405
1.48027
1.48653
1.49278
1.499
1.5052
1.51139
1.51757
1.5237
1.52986
1.53603
1.54216
1.54823
1.55435
1.56041
1.56645
1.57254
1.57864
1.58473
1.5908
1.59687
1.6029
1.60895
1.61494
1.62097
1.62696
1.63295
1.63892
1.6449
1.65093
1.65694
1.66287
1.66876
1.6747
1.68067
1.68657
1.69247
1.6984
1.70433
1.71028
1.71616
1.72205
1.72801
1.73383
1.73976
1.74564
1.75153
1.75737
1.76327
1.76909
1.77493
1.78077
1.78666
1.79248
1.79833
1.80414
1.80999
1.81574
1.82157
1.82737
1.83327
1.83906
1.84488
1.85074
1.85654
1.86237
1.86816
1.87399
1.87978
1.88558
1.89134
1.8972
1.90302
1.90886
1.91466
1.92045
1.92621
1.93203
1.93783
1.9437
1.94957
1.95539
1.96117
1.96701
1.97281
1.9786
1.98442
1.99023
1.99607
2.00193
2.00777
2.01369
2.01956
2.02539
2.03122
2.03707
2.04287
2.04876
2.05461
2.0604
2.06627
2.07209
2.07801
2.08385
2.08965
2.09552
2.10136
2.10724
2.11315
2.11901
2.12492
2.13077
2.13667
2.14263
2.14849
2.15443
2.16032
2.16624
2.17213
2.17809
2.18404
2.19004
2.19602
2.20198
2.20794
2.21388
2.21986
2.22582
2.23183
2.23784
2.24388
2.24986
2.25589
2.26191
2.26803
2.27404
2.28003
2.28612
2.29221
2.29825
2.30427
2.31034
2.31643
2.3225
2.32861
2.33468
2.34086
2.34694
2.35305
2.35918
2.36535
2.37152
2.37763
2.38379
2.38994
2.39612
2.40231
2.4085
2.41468
2.42095
2.42717
2.43339
2.43969
2.44599
2.45227
2.45857
2.46482
2.47113
2.47743
2.48376
2.49007
2.49639
2.50273
2.50909
2.51544
2.52184
2.52824
2.53465
2.54107
2.54752
2.55406
2.56055
2.56702
2.5735
2.57991
2.58643
2.59298
2.59951
2.60607
2.61259
2.61917
2.6258
2.63242
2.63907
2.64578
2.65242
2.65909
2.66579
2.67251
2.67916
2.68592
2.69264
2.69937
2.70609
2.71282
2.71961
2.72639
2.73324
2.74007
2.74685
2.75367
2.76052
2.76746
2.77441
2.78131
2.78819
2.79516
2.80212
2.80908
2.8161
2.82311
2.83016
2.8372
2.84426
2.85135
2.85847
2.86568
2.87282
2.87999
2.88715
2.8943
2.90156
2.9088
2.91603
2.9233
2.93058
2.93787
2.94517
2.9525
2.95981
2.96717
2.97453
2.98199
2.98951
2.99701
3.00449
3.012
3.01952
3.02702
3.03463
3.04223
3.0499
3.05759
3.06521
3.07289
3.08062
3.08838
3.09616
3.10392
3.11174
3.11954
3.12738
3.1353
3.14317
3.15107
3.15901
3.16703
3.17499
3.18298
3.19106
3.19911
3.20728
3.21544
3.22364
3.23182
3.24
3.24825
3.25659
3.26493
3.27324
3.28173
3.29015
3.29859
3.30709
3.31559
3.32411
3.33274
3.3413
3.34995
3.35856
3.36722
3.37591
3.38462
3.39334
3.40217
3.41103
3.41996
3.42899
3.43799
3.44696
3.45597
3.46504
3.47408
3.4832
3.49237
3.50157
3.51079
3.52002
3.52928
3.53859
3.54794
3.55741
3.56688
3.57641
3.58586
3.59549
3.6051
3.61483
3.62451
3.63424
3.64409
3.65396
3.6638
3.67369
3.6836
3.69358
3.7036
3.71363
3.72381
3.73399
3.74422
3.75456
3.76492
3.7753
3.78568
3.79618
3.8067
3.81719
3.82778
3.83847
3.84927
3.85996
3.87079
3.88167
3.8927
3.90357
3.91462
3.92574
3.93689
3.94823
3.95962
3.97098
3.98239
3.99392
4.00545
4.01701
4.0287
4.0404
4.0521
4.06388
4.07585
4.08785
4.09978
4.11196
4.12408
4.13611
4.14848
4.16066
4.173
4.18551
4.19811
4.21064
4.22332
4.23609
4.24892
4.26179
4.2747
4.28766
4.30092
4.31408
4.32741
4.34086
4.35431
4.36792
4.38156
4.39535
4.40911
4.42312
4.43717
4.45118
4.46535
4.47969
4.49412
4.50859
4.52302
4.53783
4.55266
4.56731
4.58216
4.59709
4.6121
4.62738
4.64265
4.65798
4.67355
4.68924
4.70489
4.72076
4.73655
4.75268
4.76891
4.7852
4.80159
4.8181
4.83477
4.85161
4.86843
4.88537
4.9026
4.91995
4.93734
4.95495
4.97272
4.99057
5.00834
5.02628
5.04472
5.06297
5.08152
5.1002
5.1189
5.13781
5.1569
5.17626
5.1954
5.21496
5.23456
5.25424
5.27414
5.2942
5.31441
5.33476
5.3554
5.37623
5.39717
5.41837
5.43975
5.46128
5.48293
5.50493
5.52694
5.54928
5.57185
5.59442
5.61712
5.64013
5.66331
5.68657
5.71026
5.73385
5.75761
5.78182
5.80606
5.83077
5.8558
5.88106
5.90635
5.93196
5.95773
5.9838
6.01012
6.03681
6.06381
6.09106
6.11853
6.14632
6.17435
6.2023
6.2309
6.25958
6.28843
6.31756
6.34701
6.377
6.40732
6.43758
6.46828
6.49956
6.53088
6.56281
6.59492
6.62732
6.66023
6.69333
6.72686
6.76076
6.79498
6.82965
6.86484
6.90013
6.93598
6.97221
7.00831
7.04513
7.08257
7.12018
7.15806
7.19613
7.23525
7.27407
7.31385
7.35405
7.39477
7.43595
7.47746
7.51967
7.56211
7.60501
7.64891
7.69325
7.73775
7.78338
7.82903
7.87557
7.92241
7.97021
8.01868
8.06774
8.11679
8.16738
8.21802
8.26922
8.32148
8.37409
8.4277
8.48197
8.53654
8.59205
8.6484
8.70542
8.76276
8.82114
8.88056
8.94069
9.00208
9.064
9.12664
9.19067
9.2557
9.32105
9.38785
9.45535
9.52381
9.59373
9.66452
9.73634
9.80935
9.88325
9.95783
10.0333
10.11
10.1888
10.2685
10.3493
10.4317
10.5144
10.6
10.6869
10.7747
10.8641
10.9551
11.0478
11.1421
11.2384
11.3357
11.435
11.5365
11.6395
11.744
11.8503
11.9587
12.07
12.1815
12.2958
12.4124
12.5312
12.6532
12.7768
12.903
13.0307
13.1623
13.2966
13.4318
13.5694
13.711
13.8565
14.0039
14.1544
14.3092
14.4665
14.6284
14.7921
14.9596
15.132
15.3073
15.4866
15.6705
15.8585
16.0515
16.2483
16.4502
16.6553
16.8642
17.0788
17.2994
17.5248
17.7578
17.9931
18.2371
18.4873
18.7436
19.0044
19.273
19.551
19.835
20.1245
20.4232
20.7307
21.047
21.3696
21.701
22.0411
22.3916
22.7486
23.115
23.4943
23.8837
24.2847
24.6996
25.1234
25.5618
26.0084
26.4666
26.9388
27.4253
27.9257
28.4377
28.9693
29.5167
30.0764
30.6541
31.2471
31.8524
32.4795
33.1203
33.7777
34.4565
35.1486
35.865
36.5899
37.3476
38.1211
38.9101
39.7242
40.5581
41.4128
42.2884
43.1781
44.0932
45.0335
46.0038
46.9869
47.9956
49.0169
50.0571
51.1357
52.2399
53.3566
54.5093
55.6804
56.8784
58.095
59.3245
60.5694
61.8467
63.1528
64.4856
65.8312
67.2093
68.6038
70.0248
71.4732
72.9508
74.4329
75.9517
77.4933
79.0495
80.6416
82.2574
83.889
85.535
87.2185
88.9118
90.641
92.402
94.178
95.999
97.8415
99.7083
101.579
103.487
105.409
107.348
109.321
111.316
113.337
115.391
117.455
119.553
121.677
123.815
125.985
128.182
130.404
132.652
134.939
137.231
139.549
141.892
144.268
146.659
149.083
151.539
154.018
156.508
159.03
161.572
164.137
166.754
169.386
172.058
174.741
177.454
180.205
182.983
185.78
188.62
191.462
194.342
197.25
200.199
203.163
206.153
209.21
212.264
215.359
218.478
221.633
224.837
228.044
231.294
234.571
237.867
241.204
244.567
247.98
251.421
254.895
258.411
261.928
265.494
269.101
272.777
276.455
280.159
283.924
287.702
291.515
295.374
299.253
303.188
307.132
311.14
315.158
319.248
323.364
327.514
331.727
335.96
340.246
344.577
348.941
353.343
357.768
362.221
366.726
371.305
375.908
380.545
385.196
389.947
394.755
399.593
404.459
409.358
414.349
419.388
424.467
429.58
434.726
439.941
445.194
450.532
455.904
461.325
466.78
472.316
477.923
483.535
489.229
494.964
500.765
506.638
512.579
518.56
524.63
530.773
536.949
543.158
549.41
555.768
562.195
568.687
575.284
581.932
588.639
595.404
602.251
609.16
616.16
623.187
630.328
637.51
644.81
652.23
659.66
667.247
674.887
682.603
690.367
698.326
706.319
714.493
722.761
731.063
739.466
747.987
756.601
765.309
774.151
783.085
792.095
801.273
810.637
820.096
829.752
839.52
849.386
859.422
869.641
879.992
890.617
901.421
912.474
923.819
935.344
947.205
959.324
971.655
984.433
997.614
1011.38
1025.7
1040.48
1055.78
1071.91
1089.05
1107.19
1126.41
1147.3
1169.92
1195.29
1223.69
1256.54
1296.08
1346.36
1417.1
1546.56
