0.000478516
0.000956321
0.00143189
0.00190654
0.00238233
0.0028582
0.00333503
0.00381314
0.00429222
0.00476932
0.00525073
0.00573126
0.006208
0.00668556
0.0071662
0.00765055
0.00813537
0.00862018
0.00910789
0.00959455
0.0100834
0.0105751
0.0110618
0.0115519
0.0120433
0.0125344
0.0130264
0.0135182
0.014011
0.0145044
0.014997
0.015495
0.0159923
0.0164904
0.0169815
0.0174773
0.0179734
0.0184737
0.0189714
0.0194765
0.0199786
0.0204788
0.0209826
0.0214838
0.0219882
0.0224948
0.0229954
0.0235033
0.0240095
0.0245194
0.0250203
0.025526
0.0260346
0.0265464
0.0270552
0.0275669
0.0280813
0.0285994
0.0291141
0.0296301
0.0301493
0.03067
0.0311905
0.0317131
0.0322328
0.0327511
0.0332712
0.0337891
0.0343082
0.0348295
0.0353572
0.0358843
0.0364094
0.0369356
0.0374641
0.0379926
0.0385218
0.0390466
0.0395803
0.0401105
0.0406439
0.0411793
0.0417128
0.0422462
0.0427823
0.0433214
0.0438617
0.0443994
0.0449428
0.0454797
0.0460252
0.0465679
0.0471131
0.0476582
0.0482032
0.0487542
0.049305
0.0498522
0.0504011
0.0509479
0.0514993
0.0520507
0.0526021
0.0531552
0.0537094
0.0542714
0.0548329
0.055389
0.0559479
0.056502
0.0570579
0.0576172
0.0581832
0.058747
0.0593095
0.0598705
0.0604348
0.0609995
0.061565
0.0621326
0.0627056
0.0632726
0.063846
0.0644143
0.0649874
0.0655625
0.0661333
0.066711
0.0672919
0.06786
0.0684367
0.0690138
0.0695951
0.0701785
0.0707556
0.0713388
0.0719239
0.0725098
0.0730971
0.073688
0.0742819
0.0748728
0.0754655
0.076061
0.0766531
0.0772479
0.0778403
0.0784379
0.0790323
0.079631
0.0802281
0.0808284
0.0814353
0.0820376
0.0826474
0.0832548
0.0838577
0.0844655
0.0850724
0.0856849
0.086299
0.0869098
0.0875275
0.0881429
0.0887566
0.0893729
0.0899953
0.0906146
0.091232
0.0918547
0.0924736
0.0930991
0.093725
0.0943528
0.0949758
0.0956096
0.0962401
0.0968739
0.0974991
0.0981358
0.0987663
0.0993995
0.100037
0.100671
0.101306
0.10194
0.10258
0.103225
0.103869
0.104516
0.105164
0.105809
0.106462
0.107113
0.107766
0.108421
0.109072
0.109729
0.110386
0.111044
0.111699
0.112353
0.113012
0.113676
0.11434
0.115004
0.115672
0.116341
0.117011
0.117689
0.118362
0.119036
0.119714
0.120388
0.121067
0.121749
0.122432
0.123106
0.123788
0.124469
0.125156
0.125838
0.126525
0.127212
0.127904
0.128596
0.129284
0.129974
0.130672
0.13137
0.132067
0.132764
0.133471
0.134176
0.134882
0.135588
0.136293
0.137006
0.137721
0.138435
0.139149
0.139865
0.14058
0.141303
0.142026
0.14275
0.14348
0.144206
0.144933
0.145666
0.146395
0.147128
0.147861
0.148591
0.149327
0.150066
0.150809
0.151556
0.152303
0.153045
0.153785
0.154531
0.155279
0.156039
0.156792
0.157547
0.158301
0.159062
0.159824
0.16058
0.161337
0.162101
0.162874
0.163641
0.164412
0.16518
0.16595
0.166724
0.1675
0.168278
0.169052
0.169832
0.170619
0.171407
0.17219
0.172976
0.173766
0.17456
0.175352
0.176155
0.176947
0.177746
0.178545
0.179353
0.180152
0.180959
0.181767
0.182581
0.183391
0.184205
0.185019
0.185833
0.186642
0.18746
0.188285
0.189116
0.189943
0.190775
0.191607
0.192439
0.193274
0.194104
0.194938
0.195774
0.196625
0.197465
0.19831
0.199164
0.200012
0.200874
0.201732
0.202584
0.203449
0.204317
0.205186
0.206057
0.206925
0.207803
0.208675
0.209554
0.210431
0.211307
0.212191
0.213078
0.213971
0.214856
0.215756
0.216647
0.217544
0.218448
0.219353
0.220263
0.221169
0.222083
0.222992
0.223914
0.224835
0.225754
0.226687
0.227607
0.228528
0.229468
0.230391
0.231331
0.232269
0.233218
0.234161
0.23511
0.236058
0.237006
0.237965
0.238916
0.239875
0.240838
0.241805
0.242777
0.243751
0.24473
0.245704
0.246681
0.247662
0.248647
0.249637
0.250628
0.251624
0.252611
0.253598
0.2546
0.255611
0.256615
0.257635
0.25864
0.259644
0.260659
0.261685
0.262713
0.263749
0.264778
0.265809
0.266847
0.267887
0.268935
0.269982
0.271029
0.272088
0.273149
0.274214
0.275275
0.276333
0.277401
0.278471
0.279544
0.280629
0.281717
0.282806
0.283894
0.284996
0.286091
0.287194
0.288294
0.289402
0.290515
0.29163
0.292744
0.293867
0.294988
0.296117
0.297239
0.298382
0.299518
0.300659
0.301794
0.302952
0.304105
0.305253
0.306421
0.307586
0.308758
0.30994
0.311118
0.312294
0.313486
0.314685
0.315871
0.317067
0.31828
0.319492
0.320702
0.321918
0.323151
0.324373
0.325616
0.326851
0.328092
0.329331
0.330572
0.331817
0.333072
0.334327
0.335604
0.336869
0.338137
0.33942
0.340702
0.342002
0.343298
0.344612
0.345912
0.347234
0.348537
0.349857
0.351193
0.352519
0.353851
0.355183
0.356527
0.357865
0.359218
0.360572
0.361942
0.363308
0.364687
0.366057
0.367445
0.368845
0.370247
0.371656
0.37306
0.374469
0.375891
0.377315
0.378747
0.380187
0.381633
0.383083
0.384551
0.386004
0.38747
0.388941
0.39042
0.391895
0.393386
0.394889
0.39639
0.397888
0.399405
0.400926
0.402452
0.403998
0.405532
0.407089
0.408664
0.41023
0.411789
0.413361
0.414957
0.416539
0.418142
0.419743
0.421368
0.422988
0.424609
0.426247
0.427914
0.429577
0.431245
0.432907
0.434585
0.436283
0.437979
0.43967
0.44139
0.44312
0.444857
0.446605
0.448366
0.45013
0.451886
0.453654
0.455425
0.457206
0.459007
0.460819
0.462637
0.464458
0.466292
0.468129
0.469986
0.471849
0.47373
0.475621
0.477521
0.479441
0.481367
0.483306
0.485249
0.48721
0.489153
0.491135
0.493123
0.495116
0.497128
0.499148
0.50117
0.5032
0.505249
0.507337
0.509385
0.511484
0.513607
0.515736
0.51785
0.51997
0.522125
0.524309
0.526495
0.528663
0.530875
0.533096
0.535312
0.537564
0.539817
0.54211
0.544415
0.546715
0.549031
0.551377
0.553737
0.556106
0.558469
0.560878
0.563301
0.565724
0.568172
0.570638
0.57313
0.575664
0.578199
0.580755
0.583337
0.585903
0.588509
0.591144
0.593772
0.59642
0.599114
0.601818
0.604531
0.60726
0.610021
0.612819
0.615628
0.618435
0.62128
0.624148
0.627019
0.629941
0.632883
0.63585
0.638842
0.641871
0.644928
0.648005
0.651114
0.654235
0.657383
0.660567
0.663782
0.667032
0.670297
0.673597
0.676944
0.680314
0.68369
0.687116
0.690577
0.694069
0.697596
0.701138
0.704717
0.708356
0.712073
0.715772
0.719525
0.7233
0.727099
0.730968
0.734884
0.738816
0.742819
0.74683
0.75093
0.755035
0.759225
0.763472
0.767764
0.7721
0.7765
0.780959
0.785433
0.790006
0.794618
0.799277
0.804008
0.808809
0.813658
0.818586
0.823559
0.828649
0.833742
0.838903
0.844133
0.849485
0.854894
0.860396
0.866009
0.871702
0.87752
0.883385
0.88938
0.89547
0.901662
0.907913
0.914276
0.92078
0.927413
0.934181
0.941039
0.948084
0.955178
0.962434
0.969833
0.977384
0.985094
0.992964
1.00101
1.00915
1.01753
1.02614
1.03477
1.04367
1.05272
1.06196
1.07139
1.08111
1.09105
1.10121
1.11153
1.12218
1.13309
1.14417
1.15554
1.16719
1.17911
1.19127
1.20372
1.21631
1.22937
1.24263
1.25625
1.27028
1.28469
1.29935
1.31445
1.3298
1.3455
1.3616
1.37826
1.39522
1.41268
1.4305
1.44887
1.46758
1.4868
1.50631
1.52656
1.54714
1.56842
1.59029
1.61265
1.63542
1.65897
1.68326
1.70829
1.73367
1.75974
1.78671
1.8144
1.84252
1.8717
1.90187
1.9329
1.9646
1.99772
2.03146
2.06639
2.10266
2.14011
2.17842
2.21787
2.25838
2.30032
2.3438
2.38929
2.43608
2.48445
2.53456
2.58644
2.64029
2.6962
2.75434
2.81439
2.87675
2.94157
3.00943
3.08027
3.15385
3.23081
3.31101
3.39406
3.48141
3.57178
3.66829
3.76861
3.87359
3.9839
4.09966
4.22047
4.34741
4.48162
4.6224
4.77081
4.92662
5.09176
5.26311
5.44777
5.6414
5.84629
6.06138
6.28961
6.53185
6.78624
7.05864
7.34949
7.65479
7.97877
8.32527
8.69172
9.0825
9.49729
9.93692
10.4029
10.9059
11.4349
11.9976
12.5945
13.2299
13.9016
14.6141
15.3713
16.1745
17.0177
17.9158
18.8578
19.8554
20.8978
22.0142
23.1781
24.4214
25.7192
27.0799
28.4981
29.9845
31.5273
33.1448
34.827
36.5878
38.4266
40.3252
42.2904
44.3309
46.4414
48.639
50.8947
53.2151
55.6114
58.0737
60.6208
63.2574
65.9444
68.6856
71.5223
74.4144
77.3987
80.4315
83.5488
86.7542
90.0228
93.3872
96.8275
100.318
103.859
107.477
111.153
114.873
118.717
122.579
126.55
130.586
134.679
138.836
143.124
147.404
151.792
156.261
160.822
165.42
170.066
174.777
179.58
184.401
189.339
194.343
199.42
204.526
209.748
215.003
220.3
225.675
231.112
236.646
242.243
247.908
253.618
259.415
265.279
271.222
277.198
283.238
289.361
295.469
301.738
308.092
314.487
320.919
327.391
333.944
340.569
347.314
354.075
360.923
367.874
374.894
381.903
389.018
396.151
403.374
410.682
418.031
425.425
432.886
440.488
448.083
455.714
463.392
471.153
479.034
487.01
495
503.061
511.236
519.401
527.562
535.86
544.181
552.571
561.096
569.629
578.272
586.976
595.751
604.632
613.502
622.444
631.476
640.614
649.811
659.112
668.499
677.91
687.445
696.982
706.608
716.369
726.14
736.043
746.095
756.211
766.478
776.783
787.199
797.572
808.19
818.905
829.746
840.7
851.812
862.983
874.413
885.937
897.627
909.601
921.683
933.994
946.441
959.088
972.014
985.092
998.452
1012.12
1026.19
1040.55
1055.12
1070.16
1085.59
1101.31
1117.63
1134.35
1151.8
1169.86
1188.61
1208.13
1228.66
1250.09
1272.49
1296.27
1321.42
1348.16
1376.6
1407.39
1441.18
1478.05
1519.09
1565.08
1618.18
1680.83
1757.6
1858.86
2006.85
2294.98
