0.0367172
0.0732396
0.110397
0.147576
0.184672
0.22166
0.258641
0.295925
0.333081
0.370525
0.40763
0.444655
0.481991
0.519412
0.556604
0.59398
0.631905
0.669074
0.706604
0.744155
0.781345
0.819091
0.856561
0.894487
0.932508
0.970091
1.00791
1.04593
1.08376
1.12199
1.16
1.198
1.23596
1.27413
1.31228
1.35022
1.38859
1.42694
1.46524
1.5038
1.54246
1.58117
1.61986
1.65838
1.69739
1.73614
1.77498
1.81345
1.85243
1.89115
1.9299
1.96871
2.0078
2.04682
2.0861
2.12532
2.16469
2.20405
2.24304
2.28213
2.32197
2.36181
2.40187
2.44125
2.48063
2.5203
2.56012
2.59988
2.63972
2.68012
2.71989
2.75977
2.7997
2.83965
2.8798
2.9199
2.96014
3.00072
3.04098
3.08108
3.12153
3.16211
3.2026
3.24338
3.28379
3.32474
3.36504
3.40542
3.44591
3.48729
3.52816
3.5689
3.60954
3.65052
3.69175
3.73285
3.77405
3.81514
3.85635
3.89792
3.93925
3.98071
4.02206
4.06417
4.10568
4.14745
4.18902
4.23096
4.27262
4.31458
4.35616
4.39841
4.44049
4.48286
4.52531
4.56742
4.60957
4.65177
4.69391
4.73662
4.77872
4.82125
4.86383
4.90653
4.94924
4.99192
5.03448
5.07755
5.12059
5.16344
5.2064
5.24934
5.29226
5.33585
5.37925
5.42262
5.46626
5.50981
5.55323
5.59664
5.64049
5.68434
5.72775
5.77146
5.81552
5.85945
5.90355
5.94763
5.99196
6.03648
6.08074
6.12481
6.16914
6.21343
6.25806
6.3027
6.34802
6.39292
6.43734
6.48214
6.52682
6.572
6.61715
6.66214
6.70694
6.75222
6.79731
6.84272
6.88784
6.93317
6.97903
7.02441
7.06983
7.11579
7.16156
7.20738
7.2532
7.29913
7.34482
7.39069
7.43683
7.4832
7.52922
7.57546
7.62198
7.66835
7.71496
7.76179
7.80845
7.85497
7.90168
7.94899
7.99555
8.04234
8.08942
8.1361
8.18316
8.23037
8.27743
8.32444
8.37191
8.41936
8.46693
8.51452
8.56219
8.61015
8.65769
8.70597
8.75422
8.80162
8.84973
8.89814
8.94632
8.99434
9.0428
9.09118
9.13942
9.18828
9.23691
9.28566
9.33455
9.38342
9.43231
9.48139
9.53021
9.57958
9.6285
9.67768
9.72714
9.77668
9.82652
9.8767
9.92653
9.97638
10.0259
10.0763
10.1262
10.1764
10.2267
10.2767
10.3272
10.3775
10.4281
10.479
10.5299
10.5809
10.6322
10.683
10.7342
10.7856
10.8362
10.8869
10.9388
10.9905
11.0419
11.093
11.145
11.1963
11.2483
11.2999
11.352
11.4042
11.4562
11.5084
11.5606
11.6127
11.6651
11.718
11.7709
11.8234
11.8762
11.9289
11.982
12.0345
12.0876
12.1405
12.1936
12.2466
12.2996
12.3526
12.4058
12.4598
12.5136
12.5677
12.6217
12.6759
12.7298
12.7841
12.8381
12.8921
12.9466
13.0013
13.0559
13.1103
13.1654
13.2205
13.2758
13.3305
13.3852
13.4408
13.4965
13.5516
13.6075
13.6631
13.7187
13.7749
13.8311
13.887
13.9437
13.9998
14.0564
14.1131
14.1691
14.226
14.2825
14.3392
14.3961
14.4526
14.5095
14.5672
14.6245
14.6814
14.739
14.7967
14.8544
14.9123
14.9701
15.0282
15.086
15.1444
15.2029
15.2612
15.3201
15.3787
15.4375
15.4957
15.5545
15.6139
15.6731
15.7323
15.7915
15.8511
15.9109
15.9704
16.03
16.0902
16.15
16.2105
16.2706
16.331
16.3915
16.4516
16.5117
16.5727
16.634
16.695
16.7556
16.8168
16.8779
16.9396
17.0011
17.0628
17.1252
17.1864
17.2485
17.3108
17.3733
17.4358
17.4985
17.5614
17.6242
17.687
17.7501
17.8133
17.876
17.9401
18.0031
18.0673
18.1309
18.195
18.2593
18.3236
18.3878
18.4524
18.5172
18.5822
18.6469
18.7119
18.7764
18.8416
18.9065
18.9716
19.0372
19.1033
19.1683
19.2347
19.3013
19.3675
19.4339
19.4999
19.5673
19.6334
19.6994
19.7663
19.8328
19.9001
19.9675
20.0347
20.1029
20.1705
20.2383
20.3065
20.3742
20.4432
20.5115
20.5797
20.6486
20.7179
20.7871
20.8562
20.9253
20.9947
21.0644
21.134
21.2043
21.2739
21.3443
21.4145
21.4852
21.5554
21.6265
21.6981
21.7698
21.841
21.9126
21.9834
22.0563
22.1281
22.2006
22.273
22.3453
22.4174
22.49
22.5628
22.6354
22.7079
22.7809
22.8543
22.9277
23.0021
23.0764
23.1506
23.2246
23.2993
23.3741
23.4491
23.5237
23.5985
23.6737
23.7498
23.8257
23.9018
23.9775
24.0537
24.1296
24.2061
24.2827
24.3599
24.4362
24.5138
24.5906
24.6684
24.7464
24.8254
24.9032
24.9819
25.0601
25.1386
25.2165
25.2949
25.3741
25.4537
25.5331
25.6132
25.6928
25.7735
25.8533
25.9337
26.0148
26.0959
26.178
26.2598
26.3425
26.4235
26.5057
26.5875
26.6696
26.7525
26.8347
26.9173
26.9998
27.0827
27.1656
27.2492
27.3335
27.4168
27.5008
27.5842
27.669
27.7547
27.8398
27.9254
28.0112
28.0977
28.1849
28.2706
28.3567
28.4438
28.5307
28.618
28.7053
28.7931
28.8816
28.9703
29.0591
29.1477
29.2365
29.3265
29.4159
29.5053
29.5949
29.6846
29.775
29.8653
29.9561
30.0476
30.1384
30.2294
30.3211
30.4126
30.5053
30.5971
30.6896
30.7837
30.8764
30.9698
31.0634
31.1586
31.2524
31.3472
31.4424
31.5375
31.6321
31.7274
31.8242
31.9208
32.0172
32.1144
32.2123
32.3103
32.408
32.5064
32.6049
32.7041
32.8029
32.9021
33.0021
33.1025
33.2031
33.3037
33.405
33.506
33.6071
33.7092
33.8115
33.9144
34.0174
34.1208
34.2238
34.3274
34.4309
34.5349
34.6396
34.743
34.8481
34.954
35.0601
35.1655
35.2715
35.3781
35.4853
35.5919
35.7
35.8087
35.9179
36.0268
36.1358
36.2457
36.3562
36.4663
36.5773
36.6882
36.8014
36.9137
37.0252
37.138
37.2513
37.3646
37.4784
37.5928
37.7073
37.8224
37.9376
38.0528
38.1692
38.2852
38.4018
38.5186
38.6362
38.754
38.8723
38.991
39.1098
39.2289
39.3494
39.4701
39.5907
39.713
39.8347
39.9564
40.0775
40.1999
40.322
40.4452
40.5703
40.6956
40.8216
40.9484
41.0757
41.2027
41.3297
41.4581
41.586
41.7153
41.8453
41.9763
42.1048
42.236
42.367
42.4985
42.6307
42.7634
42.8966
43.0294
43.1639
43.2982
43.4331
43.5677
43.7039
43.8418
43.9784
44.1165
44.2557
44.3948
44.5345
44.6734
44.8139
44.9552
45.0973
45.2398
45.3826
45.5253
45.6701
45.8135
45.9591
46.1052
46.2524
46.4008
46.5501
46.698
46.8479
46.9978
47.1479
47.2996
47.4507
47.6036
47.7579
47.9123
48.0673
48.2237
48.38
48.5371
48.6933
48.8523
49.012
49.1717
49.3326
49.4933
49.6569
49.8188
49.9837
50.1475
50.3131
50.4798
50.6478
50.8157
50.9858
51.1549
51.3258
51.4954
51.6679
51.8414
52.015
52.1894
52.3655
52.5442
52.7223
52.9003
53.08
53.2605
53.4423
53.6247
53.809
53.9917
54.1791
54.3655
54.5508
54.7411
54.9309
55.1228
55.3158
55.5102
55.7049
55.8999
56.0966
56.2943
56.4921
56.6917
56.8926
57.0955
57.2975
57.5039
57.7109
57.9182
58.1262
58.3363
58.5476
58.7588
58.9712
59.1853
59.4005
59.6181
59.8364
60.0555
60.2762
60.4989
60.7228
60.9478
61.1759
61.4047
61.6339
61.866
62.0989
62.336
62.5727
62.8105
63.0489
63.2912
63.5326
63.7777
64.0239
64.2731
64.522
64.7743
65.0284
65.2852
65.5437
65.8017
66.0631
66.3251
66.591
66.8592
67.1309
67.4016
67.6761
67.9537
68.2307
68.5106
68.7929
69.0792
69.3643
69.6569
69.9469
70.2406
70.5382
70.8375
71.139
71.4443
71.7516
72.0608
72.3761
72.6894
73.0069
73.3265
73.6524
73.9791
74.3086
74.6444
74.9819
75.3226
75.6663
76.0148
76.3665
76.7216
77.0829
77.4442
77.8118
78.1806
78.5538
78.9302
79.312
79.6985
80.0911
80.4863
80.8836
81.2867
81.6947
82.1093
82.5281
82.9513
83.3798
83.8129
84.2535
84.7004
85.154
85.6103
86.0733
86.5418
87.0221
87.5022
87.987
88.4845
88.9833
89.4937
90.0088
90.5304
91.063
91.6082
92.156
92.7187
93.2863
93.8629
94.4445
95.0367
95.6375
96.2511
96.8781
97.5146
98.1597
98.8196
99.4887
100.169
100.858
101.564
102.279
103.019
103.772
104.537
105.301
106.092
106.904
107.733
108.574
109.436
110.307
111.203
112.11
113.031
113.979
114.94
115.925
116.924
117.947
118.993
120.062
121.154
122.279
123.425
124.59
125.778
126.996
128.237
129.506
130.795
132.115
133.452
134.835
136.247
137.682
139.164
140.669
142.217
143.79
145.393
147.046
148.736
150.469
152.248
154.066
155.908
157.808
159.768
161.776
163.812
165.913
168.048
170.257
172.521
174.824
177.201
179.631
182.123
184.695
187.328
190.047
192.828
195.684
198.628
201.673
204.794
207.994
211.293
214.706
218.23
221.872
225.588
229.454
233.437
237.561
241.834
246.28
250.868
255.585
260.563
265.698
271.063
276.633
282.422
288.514
294.809
301.449
308.305
315.499
322.985
330.863
339.134
347.809
356.908
366.454
376.548
387.21
398.462
410.273
422.786
436.033
450.156
465.253
481.402
498.314
516.62
536.197
557.362
580.247
604.463
630.844
659.437
690.614
724.811
762.123
803.116
847.911
898.13
953.685
1015.72
1085.56
1164.29
1253.62
1356
1474.99
1613.02
1774.94
1966.84
2192.65
2468.46
2805.9
3223.51
3747.61
4423.83
5363.32
7020.84
