0.0998442
0.198986
0.298784
0.398249
0.498499
0.597621
0.697468
0.797178
0.897505
0.997679
1.09811
1.1989
1.29922
1.39961
1.49964
1.6001
1.70037
1.80137
1.9029
2.00489
2.10595
2.20796
2.30907
2.40976
2.51167
2.61388
2.7163
2.81892
2.92128
3.02374
3.12626
3.22872
3.3316
3.43397
3.5365
3.63975
3.74206
3.84549
3.94835
4.05157
4.15483
4.25789
4.36217
4.46637
4.57021
4.67498
4.77858
4.88362
4.98754
5.09248
5.19752
5.30219
5.40708
5.51214
5.61652
5.72091
5.82588
5.93117
6.03714
6.14302
6.24841
6.35464
6.46045
6.56609
6.67157
6.77751
6.88378
6.99089
7.09714
7.20383
7.31025
7.41704
7.52411
7.63111
7.73866
7.84692
7.95501
8.06232
8.17029
8.27874
8.38731
8.49565
8.60437
8.71324
8.82186
8.93071
9.03962
9.14883
9.25769
9.36599
9.47542
9.58445
9.69348
9.8037
9.91302
10.0232
10.1337
10.244
10.3542
10.4648
10.5747
10.6846
10.7954
10.906
11.0175
11.1284
11.2397
11.3516
11.4634
11.5748
11.686
11.7961
11.9089
12.0209
12.1326
12.2449
12.3566
12.4697
12.5824
12.6947
12.8084
12.9204
13.034
13.1474
13.2611
13.3757
13.4891
13.6032
13.7167
13.831
13.946
14.0603
14.175
14.2902
14.4048
14.5193
14.6351
14.7504
14.8666
14.9821
15.0981
15.2124
15.328
15.4443
15.5591
15.6752
15.792
15.9084
16.024
16.1405
16.2576
16.3751
16.4924
16.6096
16.7273
16.8452
16.9624
17.0804
17.1972
17.3161
17.4344
17.5526
17.6707
17.7901
17.9088
18.0284
18.1475
18.2665
18.386
18.5059
18.6246
18.7453
18.8654
18.9849
19.1051
19.2249
19.3459
19.4674
19.5896
19.7117
19.8337
19.9558
20.0768
20.1971
20.3183
20.4399
20.5621
20.6833
20.8068
20.9291
21.0524
21.1752
21.2981
21.4213
21.5438
21.6674
21.792
21.9157
22.0406
22.1654
22.29
22.4135
22.5379
22.6613
22.7867
22.9098
23.0352
23.161
23.2863
23.4118
23.5383
23.6642
23.7908
23.9174
24.0434
24.1697
24.296
24.4228
24.5504
24.679
24.8068
24.9342
25.0627
25.1901
25.319
25.4478
25.5754
25.7036
25.8328
25.9616
26.0917
26.2205
26.3504
26.4807
26.6104
26.7397
26.8696
27.0007
27.1306
27.261
27.393
27.5242
27.6562
27.7873
27.9188
28.051
28.1836
28.3166
28.4483
28.5813
28.7139
28.8465
28.9791
29.1131
29.2462
29.38
29.513
29.647
29.7817
29.9145
30.0495
30.184
30.3184
30.4521
30.5885
30.7237
30.8597
30.9947
31.1311
31.267
31.4038
31.5399
31.6771
31.8134
31.9497
32.086
32.2243
32.3617
32.5004
32.6377
32.7767
32.9142
33.0531
33.1914
33.3309
33.471
33.6098
33.7506
33.8902
34.0296
34.1694
34.3098
34.451
34.5914
34.7334
34.8751
35.0158
35.1582
35.2997
35.4416
35.5839
35.7268
35.8696
36.0128
36.1557
36.2995
36.4432
36.5873
36.7317
36.8758
37.0203
37.1671
37.3131
37.4583
37.6036
37.7477
37.8926
38.0371
38.1849
38.3311
38.4768
38.6222
38.7693
38.9181
39.0654
39.2136
39.3619
39.509
39.6571
39.8056
39.9541
40.1045
40.2533
40.4004
40.5497
40.6984
40.8488
40.9986
41.1493
41.2989
41.4503
41.6013
41.7519
41.9039
42.0554
42.2076
42.3591
42.5114
42.6639
42.8168
42.9704
43.1235
43.2774
43.4327
43.5872
43.7414
43.8957
44.0518
44.2071
44.3627
44.5178
44.675
44.8312
44.9871
45.1436
45.3004
45.4563
45.6149
45.7726
45.9311
46.0883
46.2461
46.4057
46.565
46.724
46.8844
47.0452
47.2052
47.3649
47.5255
47.6859
47.8465
48.009
48.1697
48.3308
48.4918
48.6548
48.8177
48.9803
49.1434
49.3074
49.4724
49.6357
49.7993
49.9652
50.1297
50.2932
50.4595
50.6255
50.7899
50.9559
51.1231
51.2897
51.4592
51.6258
51.7943
51.9631
52.1323
52.3022
52.4717
52.6402
52.8098
52.9801
53.1496
53.3211
53.4926
53.6627
53.8338
54.0061
54.1775
54.3498
54.5217
54.6943
54.8677
55.041
55.2148
55.3887
55.5625
55.7362
55.9102
56.0857
56.2604
56.4367
56.6135
56.7898
56.9647
57.1428
57.3196
57.4969
57.6743
57.8535
58.0333
58.2125
58.3919
58.5708
58.7491
58.9287
59.1097
59.2911
59.4733
59.6547
59.8373
60.0209
60.2039
60.3863
60.5701
60.7539
60.9369
61.1219
61.306
61.4909
61.6761
61.8621
62.0468
62.2316
62.4191
62.6055
62.79
62.977
63.1655
63.355
63.5443
63.7339
63.9236
64.1126
64.3037
64.494
64.6849
64.8751
65.064
65.2553
65.4474
65.6395
65.8332
66.0274
66.2208
66.4155
66.6107
66.8075
67.0039
67.2006
67.3957
67.5914
67.7885
67.9857
68.1843
68.3828
68.5811
68.7792
68.9792
69.1783
69.3782
69.5769
69.7775
69.9803
70.1808
70.3812
70.5843
70.7858
70.9893
71.1917
71.3972
71.6015
71.8062
72.0121
72.2191
72.4254
72.6327
72.8399
73.0488
73.2569
73.4646
73.6743
73.8833
74.0926
74.3023
74.514
74.7252
74.9374
75.1502
75.3645
75.5764
75.7898
76.0036
76.2195
76.437
76.6531
76.8692
77.0844
77.3021
77.5208
77.7385
77.9579
78.1761
78.3944
78.6143
78.8349
79.0552
79.2783
79.4978
79.7224
79.9455
80.1687
80.3917
80.6172
80.8412
81.0665
81.2942
81.5236
81.7505
81.9784
82.2062
82.4348
82.6631
82.8909
83.1197
83.3488
83.5798
83.8121
84.045
84.2792
84.5125
84.7468
84.9795
85.2156
85.4494
85.686
85.9222
86.1606
86.3973
86.6377
86.8775
87.1184
87.3599
87.6006
87.8403
88.0826
88.3244
88.5694
88.8141
89.0598
89.303
89.5489
89.7957
90.0407
90.2886
90.5363
90.7842
91.0318
91.2809
91.5314
91.7834
92.0338
92.2857
92.5382
92.7914
93.0442
93.3009
93.5558
93.8114
94.0706
94.3293
94.5883
94.8455
95.104
95.3655
95.6251
95.8851
96.1474
96.4099
96.6747
96.9399
97.2055
97.471
97.7376
98.0061
98.2729
98.5393
98.809
99.0785
99.3513
99.6221
99.8936
100.165
100.438
100.712
100.986
101.259
101.534
101.814
102.094
102.373
102.653
102.935
103.216
103.501
103.784
104.067
104.353
104.641
104.925
105.213
105.5
105.788
106.076
106.368
106.658
106.951
107.244
107.539
107.833
108.126
108.423
108.722
109.019
109.317
109.617
109.918
110.217
110.522
110.827
111.132
111.437
111.745
112.052
112.363
112.674
112.989
113.3
113.612
113.924
114.239
114.558
114.877
115.195
115.515
115.834
116.154
116.476
116.799
117.123
117.449
117.777
118.103
118.428
118.757
119.087
119.419
119.753
120.085
120.422
120.756
121.094
121.431
121.769
122.111
122.45
122.793
123.138
123.485
123.83
124.178
124.527
124.88
125.23
125.581
125.934
126.287
126.644
126.999
127.356
127.717
128.079
128.44
128.804
129.172
129.538
129.907
130.279
130.648
131.022
131.396
131.77
132.147
132.521
132.897
133.276
133.657
134.039
134.424
134.809
135.194
135.584
135.975
136.369
136.764
137.157
137.556
137.954
138.355
138.753
139.154
139.563
139.969
140.376
140.787
141.197
141.613
142.03
142.448
142.868
143.288
143.707
144.132
144.557
144.988
145.418
145.843
146.275
146.711
147.148
147.589
148.026
148.472
148.917
149.364
149.812
150.265
150.718
151.174
151.627
152.088
152.552
153.013
153.481
153.951
154.419
154.895
155.368
155.844
156.325
156.804
157.286
157.77
158.258
158.746
159.235
159.727
160.223
160.725
161.229
161.736
162.244
162.753
163.269
163.787
164.303
164.824
165.353
165.882
166.412
166.948
167.485
168.022
168.561
169.102
169.65
170.2
170.758
171.312
171.877
172.44
173
173.567
174.142
174.712
175.289
175.872
176.457
177.045
177.641
178.24
178.84
179.438
180.042
180.655
181.274
181.891
182.514
183.137
183.766
184.405
185.036
185.678
186.324
186.974
187.627
188.286
188.948
189.614
190.29
190.97
191.651
192.339
193.025
193.718
194.419
195.124
195.831
196.545
197.266
197.996
198.729
199.461
200.204
200.944
201.696
202.454
203.218
203.99
204.77
205.559
206.345
207.137
207.936
208.737
209.551
210.365
211.192
212.019
212.856
213.704
214.558
215.42
216.292
217.166
218.045
218.943
219.842
220.751
221.669
222.593
223.531
224.471
225.423
226.383
227.351
228.332
229.32
230.316
231.325
232.34
233.366
234.41
235.459
236.518
237.588
238.681
239.766
240.857
241.968
243.097
244.239
245.394
246.566
247.742
248.929
250.139
251.374
252.62
253.879
255.156
256.453
257.766
259.08
260.431
261.8
263.159
264.556
265.967
267.402
268.861
270.346
271.856
273.375
274.925
276.502
278.111
279.737
281.389
283.067
284.799
286.528
288.287
290.068
291.9
293.766
295.686
297.624
299.597
301.624
303.695
305.822
307.967
310.163
312.407
314.714
317.059
319.458
321.91
324.427
327.008
329.641
332.348
335.167
338.027
341.006
344.051
347.199
350.476
353.839
357.319
360.875
364.624
368.498
372.536
376.728
381.152
385.75
390.549
395.569
400.86
406.476
412.377
418.626
425.376
432.588
440.337
448.698
457.883
468.04
479.224
491.638
506.118
522.942
543.014
568.22
602.009
652.394
752.945
