12.0075
14.5057
16.0951
17.3117
18.3212
19.1882
19.9602
20.6583
21.3047
21.8961
22.453
22.9832
23.4739
23.9454
24.3969
24.8303
25.2482
25.6509
26.0344
26.4103
26.7739
27.1253
27.4673
27.8036
28.1315
28.4515
28.7616
29.0677
29.3661
29.6581
29.9449
30.2275
30.5028
30.7739
31.0393
31.3023
31.5613
31.816
32.0695
32.3182
32.5645
32.8068
33.0441
33.2804
33.5099
33.7397
33.9662
34.1919
34.4137
34.6333
34.8519
35.0656
35.2786
35.4881
35.6953
35.8999
36.1053
36.3075
36.5084
36.7047
36.9031
37.098
37.2913
37.4841
37.6737
37.8621
38.0502
38.2374
38.4227
38.6068
38.7899
38.9713
39.1503
39.3274
39.5055
39.6811
39.8565
40.0317
40.2039
40.376
40.5477
40.7193
40.8887
41.0587
41.2264
41.3923
41.5582
41.7245
41.889
42.0543
42.2168
42.3799
42.5402
42.7018
42.8603
43.0184
43.1775
43.3349
43.4917
43.6475
43.8044
43.9588
44.1132
44.2662
44.4181
44.5683
44.72
44.8695
45.02
45.1687
45.3173
45.4671
45.6156
45.7623
45.9097
46.056
46.2018
46.3466
46.4912
46.6347
46.7782
46.9218
47.0631
47.2059
47.349
47.49
47.6308
47.7713
47.9099
48.0504
48.1897
48.3288
48.466
48.6035
48.7418
48.879
49.0158
49.1527
49.2884
49.4244
49.56
49.6946
49.8297
49.9636
50.0985
50.2322
50.3656
50.4982
50.6298
50.7618
50.893
51.0244
51.155
51.2872
51.4199
51.551
51.6816
51.8112
51.9416
52.0716
52.2001
52.3286
52.4568
52.5855
52.7144
52.8421
52.9697
53.0989
53.2254
53.353
53.4786
53.6042
53.731
53.8566
53.9825
54.1081
54.2335
54.3582
54.4817
54.6068
54.7305
54.8545
54.9782
55.1024
55.2264
55.3491
55.472
55.5959
55.7199
55.8424
55.9649
56.0875
56.2101
56.3322
56.4547
56.5761
56.6985
56.8199
56.9408
57.0625
57.1832
57.3034
57.4238
57.5435
57.6644
57.7847
57.9047
58.0237
58.1433
58.2628
58.3812
58.5001
58.6193
58.7383
58.8582
58.9774
59.0955
59.2138
59.3322
59.4501
59.568
59.6868
59.8049
59.9233
60.04
60.1584
60.2751
60.3911
60.5086
60.6253
60.7425
60.8595
60.9763
61.0929
61.209
61.326
61.4417
61.558
61.6733
61.7897
61.9054
62.0211
62.1367
62.2515
62.3668
62.4818
62.5969
62.7119
62.8267
62.9423
63.0577
63.1732
63.2877
63.402
63.5181
63.6332
63.7475
63.8613
63.9759
64.0904
64.2054
64.3191
64.4335
64.5469
64.6604
64.774
64.8875
65.001
65.1145
65.2281
65.3417
65.455
65.5686
65.6815
65.7953
65.9076
66.0207
66.1335
66.247
66.3601
66.4726
66.5859
66.699
66.8113
66.9236
67.0363
67.1493
67.2619
67.3738
67.4863
67.5992
67.7119
67.824
67.9362
68.0482
68.1608
68.2726
68.3852
68.4972
68.6093
68.7211
68.8329
68.9451
69.0567
69.1685
69.2803
69.3928
69.5054
69.6172
69.7292
69.8404
69.9518
70.063
70.174
70.2858
70.3976
70.5084
70.6199
70.7309
70.8427
70.9549
71.0658
71.1773
71.2889
71.4014
71.5138
71.6247
71.7355
71.8475
71.959
72.07
72.1821
72.2929
72.405
72.5165
72.6289
72.7399
72.8515
72.9635
73.0751
73.1865
73.2973
73.41
73.5219
73.6323
73.7443
73.8551
73.966
74.0776
74.1896
74.3016
74.4129
74.5242
74.6359
74.7473
74.8589
74.9702
75.0823
75.1936
75.3064
75.4171
75.5291
75.6415
75.7523
75.8643
75.9759
76.0876
76.2001
76.3106
76.4221
76.5331
76.6448
76.7568
76.8681
76.9793
77.0919
77.2037
77.3166
77.4282
77.5406
77.6524
77.7654
77.8771
77.9895
78.1006
78.2129
78.3238
78.4368
78.5486
78.6608
78.7732
78.8853
78.9972
79.11
79.2218
79.3345
79.4469
79.5595
79.672
79.7848
79.8981
80.0102
80.1218
80.2345
80.3466
80.4599
80.5734
80.6876
80.8003
80.9135
81.0268
81.1412
81.2552
81.3689
81.4822
81.5962
81.7097
81.8234
81.9371
82.0507
82.1649
82.2781
82.3905
82.5042
82.6182
82.7324
82.8469
82.9614
83.076
83.1905
83.3044
83.419
83.5329
83.6487
83.7635
83.8778
83.992
84.1066
84.221
84.3361
84.451
84.5667
84.6826
84.7976
84.9126
85.0289
85.1442
85.2588
85.374
85.4891
85.6051
85.7214
85.8371
85.954
86.0689
86.1843
86.3004
86.4159
86.533
86.6493
86.7653
86.8812
86.9989
87.1151
87.2331
87.3485
87.465
87.5826
87.7002
87.8174
87.9354
88.0532
88.1715
88.2892
88.4071
88.524
88.6404
88.7586
88.8777
88.9956
89.115
89.2333
89.3518
89.4701
89.5883
89.7074
89.8261
89.9453
90.0644
90.1827
90.3017
90.4213
90.5406
90.66
90.7804
90.9
91.0189
91.1394
91.26
91.38
91.5003
91.6208
91.7418
91.8629
91.9832
92.1037
92.2252
92.3456
92.4658
92.587
92.7085
92.8304
92.9522
93.0743
93.1968
93.3191
93.4407
93.5638
93.6854
93.8079
93.9307
94.0529
94.1755
94.299
94.4223
94.5455
94.6692
94.7927
94.9165
95.0406
95.1639
95.2878
95.4122
95.5356
95.659
95.7835
95.9088
96.0346
96.1578
96.2832
96.4087
96.5341
96.6588
96.7852
96.9118
97.0383
97.1644
97.2907
97.418
97.5448
97.6715
97.7981
97.9253
98.0524
98.1794
98.3074
98.4351
98.562
98.6906
98.8191
98.948
99.0762
99.2056
99.3346
99.4642
99.5942
99.7234
99.8519
99.9829
100.112
100.242
100.371
100.503
100.634
100.765
100.896
101.027
101.159
101.291
101.422
101.554
101.685
101.818
101.951
102.084
102.216
102.349
102.482
102.615
102.75
102.885
103.018
103.151
103.286
103.419
103.554
103.689
103.826
103.961
104.096
104.231
104.367
104.504
104.641
104.777
104.913
105.049
105.188
105.328
105.465
105.602
105.74
105.88
106.017
106.157
106.295
106.435
106.575
106.715
106.853
106.994
107.135
107.276
107.417
107.558
107.7
107.841
107.983
108.126
108.269
108.412
108.555
108.698
108.841
108.984
109.127
109.27
109.415
109.56
109.705
109.85
109.995
110.14
110.287
110.433
110.58
110.728
110.875
111.023
111.172
111.322
111.471
111.62
111.768
111.916
112.066
112.217
112.366
112.517
112.668
112.819
112.97
113.122
113.274
113.427
113.579
113.732
113.885
114.04
114.195
114.349
114.505
114.659
114.814
114.97
115.126
115.281
115.439
115.596
115.754
115.912
116.069
116.227
116.384
116.544
116.702
116.863
117.023
117.183
117.344
117.504
117.666
117.827
117.99
118.152
118.316
118.481
118.644
118.809
118.973
119.138
119.302
119.469
119.635
119.801
119.967
120.135
120.302
120.471
120.639
120.808
120.978
121.15
121.32
121.491
121.663
121.835
122.006
122.182
122.353
122.525
122.698
122.874
123.049
123.224
123.4
123.578
123.756
123.933
124.111
124.29
124.47
124.647
124.827
125.008
125.189
125.37
125.551
125.733
125.916
126.098
126.283
126.468
126.652
126.838
127.024
127.211
127.4
127.589
127.778
127.967
128.157
128.347
128.538
128.729
128.922
129.116
129.309
129.503
129.698
129.892
130.086
130.282
130.48
130.678
130.878
131.077
131.275
131.475
131.677
131.878
132.079
132.281
132.484
132.688
132.894
133.102
133.308
133.516
133.725
133.933
134.143
134.354
134.566
134.779
134.993
135.206
135.422
135.637
135.853
136.069
136.286
136.505
136.725
136.944
137.166
137.387
137.61
137.835
138.059
138.284
138.509
138.735
138.965
139.195
139.426
139.659
139.892
140.126
140.36
140.596
140.831
141.068
141.306
141.547
141.787
142.027
142.269
142.514
142.756
143.002
143.25
143.497
143.743
143.991
144.241
144.492
144.746
145
145.259
145.516
145.775
146.036
146.297
146.559
146.825
147.09
147.357
147.626
147.892
148.162
148.431
148.702
148.979
149.256
149.537
149.815
150.097
150.38
150.664
150.949
151.237
151.525
151.816
152.106
152.396
152.69
152.988
153.289
153.588
153.889
154.195
154.501
154.813
155.123
155.436
155.75
156.065
156.383
156.705
157.028
157.354
157.681
158.009
158.339
158.674
159.01
159.35
159.687
160.032
160.379
160.727
161.077
161.43
161.789
162.144
162.505
162.866
163.232
163.601
163.971
164.347
164.727
165.108
165.493
165.883
166.273
166.664
167.065
167.462
167.866
168.277
168.686
169.103
169.518
169.94
170.368
170.8
171.234
171.675
172.119
172.567
173.023
173.481
173.946
174.414
174.885
175.369
175.855
176.346
176.836
177.332
177.837
178.345
178.86
179.377
179.904
180.438
180.975
181.524
182.078
182.636
183.201
183.779
184.357
184.95
185.55
186.157
186.775
187.4
188.034
188.675
189.331
189.999
190.675
191.365
192.069
192.785
193.515
194.257
195.012
195.775
196.555
197.341
198.154
198.973
199.819
200.683
201.562
202.459
203.378
204.322
205.289
206.274
207.281
208.326
209.399
210.497
211.616
212.772
213.951
215.189
216.47
217.79
219.149
220.562
222.026
223.56
225.154
226.819
228.563
230.39
232.318
234.333
236.505
238.803
241.212
243.833
246.616
249.684
253.034
256.71
260.842
265.538
270.953
277.364
285.299
295.824
311.309
341.412
