0.0941963
0.189475
0.284419
0.381203
0.476392
0.572047
0.667556
0.763974
0.859857
0.955318
1.05054
1.14618
1.24243
1.33837
1.43494
1.53087
1.62794
1.72517
1.82181
1.91884
2.0156
2.11216
2.209
2.30626
2.40368
2.50047
2.59793
2.69463
2.7926
2.89045
2.98836
3.08658
3.18363
3.28175
3.38024
3.47856
3.57732
3.67643
3.77536
3.87442
3.97301
4.07224
4.17168
4.27111
4.37041
4.46927
4.56907
4.66959
4.76996
4.87078
4.97003
5.07011
5.17006
5.2717
5.37251
5.47273
5.57316
5.67348
5.77391
5.87462
5.97554
6.07683
6.17864
6.28031
6.38196
6.48321
6.5847
6.68652
6.78885
6.89152
6.99298
7.09477
7.19662
7.29896
7.40161
7.50468
7.60734
7.71035
7.81331
7.91633
8.01994
8.12406
8.22655
8.33025
8.43423
8.5375
8.64212
8.74537
8.84988
8.95409
9.05829
9.16321
9.26749
9.37234
9.47659
9.58211
9.68666
9.79168
9.89778
10.003
10.1087
10.2137
10.3185
10.425
10.5309
10.6374
10.744
10.8517
10.9577
11.0648
11.1704
11.277
11.384
11.4918
11.6002
11.7082
11.8165
11.9249
12.0331
12.1405
12.2489
12.358
12.4659
12.5742
12.6822
12.7906
12.8988
13.0079
13.1171
13.2259
13.3357
13.4453
13.5547
13.6654
13.7751
13.8854
13.9953
14.1055
14.2146
14.3252
14.4357
14.5462
14.6572
14.7679
14.8787
14.9898
15.1008
15.2129
15.3252
15.4359
15.5479
15.6602
15.7729
15.8853
15.9974
16.1118
16.2243
16.3388
16.4521
16.5653
16.6781
16.7918
16.9054
17.0194
17.1335
17.2474
17.3614
17.4755
17.5905
17.7045
17.8204
17.9354
18.0512
18.1665
18.2816
18.3978
18.5132
18.6282
18.7443
18.8615
18.977
19.0943
19.2122
19.3296
19.4465
19.5637
19.6808
19.7989
19.9164
20.034
20.1523
20.2709
20.3895
20.5084
20.6267
20.7464
20.8654
20.9848
21.1039
21.2234
21.3438
21.4628
21.5834
21.7028
21.8231
21.9429
22.0631
22.1846
22.3051
22.4256
22.547
22.6676
22.7884
22.9092
23.0308
23.1536
23.276
23.3983
23.5213
23.6443
23.767
23.8903
24.0127
24.1363
24.2597
24.3829
24.5067
24.6308
24.7542
24.878
25.0022
25.1257
25.2503
25.3762
25.5008
25.6261
25.7512
25.8779
26.0031
26.1282
26.2544
26.3804
26.5072
26.6336
26.7601
26.8874
27.0155
27.1424
27.2691
27.397
27.5248
27.6527
27.7815
27.9097
28.0384
28.1666
28.2957
28.4254
28.5531
28.6834
28.8119
28.9432
29.0721
29.2023
29.3321
29.4637
29.5944
29.7254
29.8566
29.9875
30.1182
30.2506
30.382
30.514
30.6461
30.7791
30.9116
31.0446
31.1773
31.3101
31.4424
31.5755
31.7096
31.8436
31.978
32.1115
32.2441
32.3801
32.5152
32.6494
32.7838
32.919
33.0546
33.1906
33.3273
33.4623
33.5976
33.7348
33.8702
34.0069
34.1451
34.2828
34.4213
34.5593
34.6979
34.8357
34.9737
35.113
35.2515
35.3904
35.5299
35.6692
35.8082
35.9465
36.0873
36.2267
36.3675
36.508
36.6492
36.79
36.9316
37.0713
37.2126
37.3533
37.4956
37.6388
37.7812
37.9228
38.066
38.2091
38.3519
38.4973
38.6417
38.7861
38.9303
39.0739
39.2187
39.3638
39.5088
39.6539
39.8008
39.9461
40.0914
40.2366
40.3831
40.5306
40.6776
40.8263
40.9742
41.1222
41.2694
41.4184
41.5678
41.7165
41.866
42.0155
42.1651
42.3157
42.4657
42.6157
42.7661
42.9166
43.0675
43.2174
43.3685
43.5186
43.6694
43.8221
43.9722
44.1238
44.2772
44.4293
44.583
44.7366
44.8906
45.0447
45.1986
45.3529
45.5072
45.6633
45.8197
45.9762
46.1322
46.2889
46.4458
46.6034
46.7608
46.918
47.0757
47.2332
47.3913
47.5496
47.7098
47.8684
48.0285
48.1883
48.3481
48.5076
48.6683
48.8283
48.9883
49.1489
49.311
49.473
49.6351
49.7986
49.9596
50.1218
50.2835
50.4465
50.6089
50.7723
50.9354
51.0992
51.2629
51.4282
51.5947
51.7596
51.9255
52.0913
52.2579
52.4251
52.5929
52.7615
52.9294
53.0978
53.2665
53.4347
53.603
53.7722
53.9421
54.1119
54.2815
54.4507
54.6207
54.7917
54.9632
55.1362
55.3074
55.4798
55.6519
55.8245
55.9975
56.1707
56.3457
56.52
56.6949
56.8688
57.0443
57.2208
57.3961
57.5719
57.7487
57.9251
58.1034
58.2818
58.4592
58.639
58.8175
58.9961
59.176
59.3554
59.5342
59.7139
59.8936
60.075
60.2561
60.4378
60.6194
60.8035
60.9858
61.1687
61.3525
61.5374
61.7218
61.9055
62.0899
62.2757
62.4618
62.6479
62.8364
63.0226
63.2098
63.3981
63.5867
63.7758
63.9648
64.1539
64.3428
64.5344
64.7251
64.9151
65.1052
65.2972
65.4896
65.6815
65.8739
66.0669
66.2605
66.4572
66.6516
66.8472
67.0453
67.2407
67.4362
67.6321
67.8305
68.0263
68.2237
68.4207
68.62
68.8182
69.0167
69.2173
69.4182
69.6188
69.8199
70.0223
70.2243
70.4241
70.6271
70.8314
71.0369
71.2422
71.4464
71.6527
71.8579
72.0639
72.27
72.477
72.6847
72.8946
73.1041
73.3133
73.5218
73.7335
73.9433
74.1545
74.3663
74.5772
74.7884
75.0008
75.2135
75.4291
75.6442
75.8581
76.0721
76.2887
76.5053
76.7222
76.9381
77.1576
77.3744
77.5928
77.8114
78.0323
78.2528
78.4727
78.6962
78.9168
79.1369
79.3586
79.583
79.8076
80.0313
80.2584
80.4835
80.7077
80.9333
81.1603
81.3871
81.614
81.8426
82.0726
82.3037
82.532
82.7635
82.9969
83.2291
83.4629
83.6955
83.9305
84.1635
84.3987
84.633
84.8686
85.1067
85.3439
85.5826
85.8214
86.0608
86.3013
86.541
86.7797
87.0203
87.2615
87.5046
87.7473
87.9903
88.2366
88.4815
88.7269
88.973
89.2205
89.4684
89.7185
89.9656
90.218
90.4702
90.7214
90.9749
91.2267
91.4818
91.7355
91.9895
92.2428
92.5
92.7569
93.0147
93.2727
93.5314
93.7904
94.0499
94.3084
94.5701
94.8317
95.0941
95.3569
95.6211
95.8849
96.1527
96.4212
96.6898
96.9602
97.2266
97.4987
97.7705
98.0409
98.3109
98.5843
98.8579
99.1329
99.4072
99.6835
99.9604
100.236
100.519
100.795
101.077
101.359
101.642
101.927
102.21
102.494
102.778
103.066
103.352
103.64
103.928
104.219
104.511
104.802
105.093
105.39
105.683
105.978
106.274
106.572
106.868
107.167
107.466
107.767
108.07
108.374
108.678
108.982
109.288
109.594
109.905
110.215
110.524
110.835
111.147
111.461
111.778
112.091
112.409
112.728
113.046
113.367
113.687
114.01
114.336
114.66
114.986
115.314
115.637
115.963
116.293
116.622
116.955
117.29
117.625
117.959
118.294
118.633
118.972
119.31
119.65
119.993
120.338
120.682
121.026
121.373
121.721
122.07
122.419
122.771
123.128
123.484
123.84
124.196
124.553
124.913
125.274
125.636
126.002
126.368
126.737
127.102
127.475
127.847
128.219
128.593
128.969
129.346
129.724
130.105
130.489
130.871
131.255
131.64
132.029
132.42
132.812
133.203
133.597
133.994
134.396
134.797
135.201
135.603
136.009
136.416
136.824
137.233
137.64
138.052
138.469
138.89
139.309
139.728
140.152
140.575
140.998
141.428
141.861
142.286
142.721
143.158
143.6
144.04
144.48
144.922
145.366
145.814
146.265
146.718
147.178
147.637
148.095
148.556
149.019
149.481
149.951
150.423
150.896
151.369
151.845
152.33
152.814
153.301
153.785
154.275
154.768
155.261
155.755
156.252
156.752
157.252
157.758
158.269
158.781
159.294
159.813
160.336
160.861
161.388
161.915
162.448
162.986
163.522
164.061
164.604
165.145
165.695
166.251
166.809
167.371
167.934
168.499
169.069
169.642
170.223
170.8
171.38
171.966
172.556
173.149
173.74
174.342
174.945
175.555
176.172
176.786
177.406
178.03
178.653
179.28
179.913
180.555
181.196
181.843
182.496
183.155
183.819
184.487
185.154
185.83
186.509
187.19
187.879
188.572
189.272
189.977
190.687
191.406
192.133
192.861
193.593
194.323
195.064
195.813
196.57
197.334
198.104
198.881
199.663
200.449
201.234
202.036
202.839
203.656
204.48
205.308
206.141
206.978
207.824
208.679
209.542
210.416
211.294
212.189
213.082
213.975
214.889
215.812
216.746
217.683
218.628
219.576
220.538
221.509
222.488
223.478
224.487
225.495
226.511
227.556
228.614
229.667
230.733
231.806
232.896
233.993
235.107
236.235
237.375
238.526
239.701
240.881
242.091
243.301
244.536
245.779
247.031
248.287
249.578
250.879
252.201
253.54
254.888
256.256
257.661
259.075
260.506
261.974
263.452
264.957
266.489
268.038
269.609
271.213
272.829
274.48
276.154
277.857
279.58
281.344
283.132
284.968
286.818
288.692
290.63
292.604
294.6
296.637
298.715
300.845
303.02
305.253
307.517
309.843
312.242
314.678
317.164
319.706
322.32
324.997
327.763
330.574
333.481
336.477
339.549
342.729
346.008
349.394
352.886
356.485
360.233
364.087
368.097
372.253
376.6
381.102
385.831
390.762
395.95
401.376
407.044
413.015
419.411
426.252
433.447
441.114
449.412
458.413
468.191
478.871
490.602
503.657
518.365
535.086
554.406
577.722
606.457
643.761
697.177
805.216
1490.39
