0.00252428
0.00506534
0.00762059
0.0101828
0.012757
0.0153646
0.0179733
0.0205736
0.0231758
0.0257834
0.0283851
0.0310004
0.0336361
0.0362731
0.0389202
0.0415643
0.0442404
0.0469222
0.0496033
0.0523025
0.0550154
0.0577428
0.0604657
0.0632121
0.0659848
0.0687126
0.0714963
0.0742519
0.0770357
0.0798279
0.0826764
0.0854856
0.0883201
0.0911566
0.0939942
0.0968675
0.0997238
0.102611
0.10549
0.108404
0.111301
0.114224
0.117158
0.120101
0.123066
0.126021
0.128983
0.131961
0.134939
0.137929
0.140941
0.143936
0.146967
0.150027
0.153119
0.156204
0.159275
0.162378
0.165483
0.168583
0.171724
0.174871
0.178028
0.181218
0.184429
0.187632
0.190844
0.194048
0.197273
0.200502
0.203729
0.207001
0.210288
0.213583
0.216902
0.220233
0.223589
0.226961
0.230325
0.233687
0.237106
0.240496
0.24389
0.24729
0.250729
0.254206
0.257699
0.261212
0.264715
0.268225
0.271795
0.275342
0.278903
0.28248
0.286064
0.289646
0.293279
0.296913
0.300558
0.304222
0.307915
0.311609
0.315331
0.319069
0.322812
0.326608
0.3304
0.334221
0.338082
0.341969
0.345811
0.349695
0.353611
0.357513
0.361469
0.365405
0.369367
0.373373
0.377434
0.381466
0.385519
0.389582
0.393677
0.397781
0.401898
0.406028
0.410191
0.414378
0.418582
0.422823
0.427083
0.431364
0.435632
0.439947
0.4443
0.448661
0.453062
0.457467
0.461885
0.466334
0.470813
0.475293
0.479756
0.4843
0.488859
0.493453
0.498016
0.502638
0.507298
0.511993
0.516674
0.521408
0.526188
0.531004
0.535774
0.5406
0.545463
0.550344
0.555243
0.560218
0.565196
0.570223
0.575254
0.580357
0.585473
0.590593
0.595759
0.600925
0.606126
0.61139
0.616713
0.622083
0.627459
0.632855
0.638295
0.643701
0.649142
0.654662
0.660217
0.6658
0.671411
0.676994
0.682666
0.688392
0.694105
0.699842
0.705671
0.711544
0.717475
0.723435
0.729385
0.735372
0.741447
0.747567
0.753758
0.759965
0.766195
0.772456
0.778764
0.785053
0.791401
0.797877
0.804383
0.810925
0.817558
0.824161
0.830819
0.837483
0.844202
0.851047
0.857905
0.864844
0.87184
0.878849
0.885926
0.893043
0.90023
0.907447
0.914726
0.922067
0.929401
0.936885
0.94437
0.951966
0.959627
0.967369
0.975113
0.98291
0.990779
0.998748
1.00678
1.01488
1.02296
1.03115
1.03933
1.04766
1.05602
1.06451
1.07298
1.08158
1.09021
1.09891
1.10776
1.11668
1.12566
1.13474
1.14372
1.15287
1.16216
1.17144
1.18074
1.19028
1.19982
1.20944
1.2191
1.22878
1.23864
1.24859
1.25866
1.26871
1.27895
1.28913
1.29947
1.30989
1.32035
1.33088
1.34158
1.35235
1.36322
1.37405
1.385
1.39617
1.40737
1.41863
1.42996
1.44142
1.45299
1.46469
1.47642
1.4882
1.50017
1.51209
1.52428
1.53644
1.54862
1.5611
1.5736
1.58614
1.59887
1.6116
1.62443
1.63741
1.65052
1.66369
1.67693
1.69036
1.70384
1.71744
1.73119
1.74504
1.75895
1.77304
1.78718
1.80143
1.81572
1.83025
1.84481
1.85956
1.87437
1.88934
1.90442
1.91958
1.93482
1.95015
1.96553
1.98114
1.99702
2.01284
2.02874
2.04488
2.06105
2.07752
2.09413
2.11072
2.12744
2.14423
2.16112
2.17818
2.19544
2.21293
2.23049
2.24813
2.26583
2.28371
2.30175
2.32003
2.33839
2.35672
2.3754
2.39422
2.41304
2.43211
2.45116
2.47062
2.49002
2.50983
2.52977
2.54962
2.56973
2.58992
2.61023
2.63058
2.65104
2.67177
2.69283
2.71415
2.73545
2.75701
2.77856
2.80048
2.82232
2.84445
2.86671
2.88899
2.91148
2.93428
2.95731
2.98055
3.00417
3.02772
3.05148
3.07525
3.0994
3.12352
3.14784
3.17259
3.19761
3.22279
3.24788
3.27324
3.29873
3.32462
3.35053
3.37679
3.40306
3.42964
3.45639
3.48345
3.51069
3.53805
3.56564
3.59377
3.62154
3.64988
3.67818
3.70719
3.73652
3.7656
3.79499
3.82452
3.85437
3.88454
3.91449
3.94513
3.97603
4.00714
4.03846
4.06987
4.10165
4.1337
4.16556
4.198
4.23062
4.2637
4.29661
4.32996
4.36383
4.39736
4.43163
4.46616
4.50096
4.53578
4.57115
4.60666
4.64235
4.67856
4.7153
4.7524
4.7894
4.82655
4.86409
4.90179
4.9397
4.97805
5.01686
5.05559
5.09493
5.13404
5.17403
5.21405
5.25451
5.2955
5.33679
5.37801
5.41964
5.46176
5.50444
5.54729
5.59043
5.63421
5.67785
5.72195
5.76628
5.81096
5.85544
5.90086
5.94643
5.99293
6.03911
6.08562
6.13289
6.18025
6.22797
6.27616
6.32513
6.37417
6.42377
6.47362
6.52405
6.57453
6.62496
6.67653
6.7282
6.77992
6.83233
6.88525
6.93869
6.99254
7.04653
7.10108
7.15575
7.21113
7.26647
7.32268
7.37908
7.43607
7.49371
7.55227
7.61067
7.66985
7.72991
7.79045
7.85072
7.9115
7.97303
8.03484
8.09827
8.16182
8.22515
8.28865
8.35307
8.41807
8.48334
8.54948
8.61569
8.68221
8.74931
8.81738
8.88474
8.95395
9.02332
9.09381
9.16396
9.23564
9.30746
9.37947
9.45208
9.52555
9.59967
9.67377
9.74864
9.82502
9.90086
9.97799
10.0549
10.133
10.2127
10.2919
10.3719
10.4526
10.5341
10.6164
10.6996
10.7835
10.8676
10.9534
11.0386
11.1254
11.2127
11.3
11.3882
11.4771
11.567
11.6567
11.7484
11.8396
11.9317
12.0246
12.1188
12.2138
12.3088
12.4049
12.5017
12.5998
12.698
12.7975
12.8974
12.9982
13.0993
13.2012
13.3046
13.4088
13.5142
13.6204
13.7269
13.834
13.9423
14.0518
14.1623
14.2736
14.3855
14.4977
14.611
14.7265
14.8421
14.9587
15.0761
15.195
15.3137
15.434
15.5554
15.6773
15.8
15.924
16.0495
16.1758
16.303
16.4323
16.5617
16.6922
16.8232
16.957
17.0905
17.2258
17.3624
17.4994
17.6368
17.7762
17.9175
18.0598
18.2037
18.346
18.4905
18.6373
18.7856
18.9346
19.0843
19.2347
19.3865
19.5399
19.6953
19.8514
20.009
20.1677
20.3279
20.4905
20.6547
20.8193
20.9857
21.152
21.319
21.4892
21.6603
21.8327
22.0062
22.1807
22.3561
22.5361
22.7174
22.8987
23.0831
23.2664
23.4519
23.6402
23.8305
24.0224
24.2144
24.4088
24.6064
24.8052
25.0066
25.2068
25.4102
25.6144
25.8201
26.0291
26.2382
26.4515
26.6666
26.8809
27.0988
27.3187
27.5407
27.7636
27.9881
28.2158
28.4434
28.675
28.9086
29.1451
29.3828
29.6223
29.8631
30.1046
30.3525
30.5993
30.8465
31.0988
31.3526
31.6061
31.8653
32.1276
32.3909
32.6553
32.9224
33.1916
33.4657
33.7415
34.0161
34.2939
34.5768
34.8622
35.1509
35.4417
35.7336
36.0302
36.3296
36.6298
36.9336
37.2389
37.5437
37.8532
38.165
38.485
38.8054
39.1257
39.4526
39.7834
40.1153
40.4506
40.7837
41.1232
41.4684
41.8133
42.1638
42.5141
42.8697
43.2284
43.5938
43.9575
44.3259
44.7015
45.0787
45.4586
45.8422
46.2267
46.6171
47.0128
47.4103
47.8122
48.2171
48.6288
49.0427
49.4592
49.8789
50.3033
50.7295
51.1591
51.5917
52.0311
52.4735
52.9244
53.3752
53.8304
54.2924
54.7597
55.2307
55.7042
56.1855
56.6674
57.1589
57.6577
58.1572
58.6644
59.1745
59.6933
60.212
60.7354
61.263
61.7954
62.3327
62.8752
63.4233
63.9739
64.5357
65.0979
65.6707
66.2432
66.8272
67.415
68.0093
68.6141
69.2239
69.8331
70.4564
71.0762
71.7084
72.3469
72.9946
73.6436
74.302
74.9696
75.6429
76.3235
77.0074
77.6969
78.3926
79.1004
79.8154
80.5351
81.2593
82.0007
82.7418
83.4945
84.2547
85.0219
85.7995
86.5813
87.3695
88.1776
88.99
89.8082
90.6336
91.4639
92.31
93.1599
94.0235
94.8896
95.7689
96.658
97.555
98.4681
99.3925
100.316
101.26
102.212
103.176
104.148
105.128
106.12
107.135
108.15
109.178
110.224
111.286
112.355
113.44
114.53
115.627
116.735
117.856
118.991
120.151
121.317
122.484
123.673
124.883
126.111
127.343
128.591
129.851
131.137
132.43
133.733
135.051
136.388
137.75
139.118
140.512
141.919
143.339
144.76
146.215
147.701
149.194
150.696
152.236
153.773
155.342
156.942
158.547
160.19
161.828
163.518
165.206
166.921
168.65
170.394
172.17
173.972
175.817
177.661
179.542
181.448
183.396
185.348
187.338
189.347
191.388
193.453
195.544
197.666
199.822
202.009
204.238
206.477
208.743
211.023
213.348
215.725
218.163
220.591
223.07
225.568
228.126
230.7
233.328
236.019
238.743
241.501
244.281
247.112
249.957
252.864
255.841
258.828
261.902
265.022
268.179
271.418
274.655
277.97
281.353
284.778
288.268
291.832
295.414
299.069
302.805
306.61
310.493
314.433
318.438
322.501
326.663
330.86
335.157
339.534
343.986
348.503
353.094
357.772
362.557
367.425
372.375
377.412
382.604
387.908
393.356
398.885
404.477
410.217
416.026
422.015
428.12
434.39
440.788
447.326
454.045
460.831
467.774
474.923
482.266
489.794
497.468
505.348
513.352
521.575
530.048
538.694
547.588
556.731
566.149
575.73
585.61
595.872
606.294
617.104
628.267
639.71
651.579
663.756
676.325
689.362
702.816
716.654
731.128
745.972
761.535
777.574
794.383
811.839
830.046
848.842
868.573
889.321
910.977
933.525
957.503
982.498
1009.11
1037.26
1067.02
1099.05
1132.97
1169.13
1208.13
1250.52
1296.54
1347.24
1403.44
1466.07
1536.5
1616.23
1710.03
1822.8
1964.47
2152
2429.56
2975.74
