0.0972272
0.194774
0.291906
0.389339
0.486586
0.584476
0.682456
0.780876
0.88043
0.978738
1.07712
1.17565
1.27454
1.37301
1.47156
1.56992
1.66962
1.76907
1.86825
1.96747
2.06745
2.16729
2.2663
2.36635
2.46663
2.56626
2.66649
2.76668
2.86698
2.96764
3.06801
3.1686
3.26905
3.37018
3.47084
3.57198
3.67316
3.77481
3.87726
3.9789
4.07956
4.18087
4.28267
4.38482
4.48606
4.58827
4.69052
4.79299
4.89555
4.99798
5.10009
5.20238
5.30557
5.40843
5.51141
5.61393
5.71742
5.82057
5.92426
6.02778
6.13147
6.23469
6.34012
6.44422
6.54832
6.65329
6.75774
6.8632
6.96741
7.07226
7.17628
7.2806
7.38526
7.49081
7.59606
7.7017
7.80669
7.91254
8.01895
8.12532
8.23117
8.33708
8.44318
8.5495
8.65533
8.76337
8.86928
8.97605
9.08342
9.19066
9.29824
9.40641
9.51407
9.62158
9.72836
9.83608
9.94487
10.054
10.1618
10.2704
10.3793
10.4882
10.5974
10.7055
10.8146
10.9231
11.0324
11.1417
11.2522
11.3623
11.4723
11.582
11.6922
11.8023
11.9127
12.0227
12.1336
12.2433
12.3541
12.4645
12.5757
12.6878
12.7994
12.9102
13.0219
13.1341
13.2454
13.3567
13.469
13.5815
13.6945
13.806
13.9179
14.031
14.1451
14.2584
14.3719
14.4849
14.5979
14.7115
14.8245
14.9382
15.0523
15.1662
15.28
15.3936
15.5069
15.6209
15.7355
15.8498
15.9642
16.0802
16.1952
16.3109
16.4259
16.5425
16.658
16.7744
16.8894
17.0059
17.1229
17.2396
17.3558
17.4726
17.5898
17.7065
17.8239
17.942
18.0591
18.1764
18.2942
18.4122
18.5302
18.6486
18.7654
18.8844
19.004
19.1235
19.2416
19.3605
19.4791
19.5982
19.7174
19.8376
19.9571
20.0771
20.1974
20.3188
20.4399
20.5606
20.6812
20.8011
20.9217
21.0443
21.1653
21.2875
21.4095
21.531
21.6535
21.7764
21.8981
22.0216
22.1441
22.2664
22.3895
22.5129
22.6359
22.7596
22.8835
23.0066
23.131
23.2554
23.3789
23.5032
23.628
23.7531
23.8769
24.0019
24.1271
24.2536
24.3788
24.5042
24.6301
24.7564
24.8831
25.0099
25.1361
25.2634
25.3912
25.5182
25.6464
25.7725
25.9005
26.0284
26.1562
26.2846
26.4135
26.5429
26.6717
26.8004
26.9314
27.0589
27.1881
27.3173
27.4462
27.5749
27.7043
27.8342
27.9652
28.0964
28.2277
28.3571
28.488
28.6198
28.7501
28.8817
29.0131
29.145
29.2775
29.4094
29.5423
29.6739
29.8069
29.9401
30.0735
30.2057
30.3383
30.4714
30.6046
30.7389
30.8727
31.0071
31.1425
31.2766
31.4113
31.5458
31.6806
31.8174
31.9529
32.0881
32.2238
32.3603
32.4982
32.6341
32.7717
32.9086
33.047
33.185
33.3226
33.4596
33.5977
33.7364
33.8747
34.013
34.1507
34.2894
34.4292
34.5688
34.7089
34.8492
34.9896
35.1306
35.2701
35.4106
35.5528
35.6941
35.8354
35.9761
36.1185
36.2617
36.4045
36.5466
36.6895
36.8319
36.976
37.1193
37.2623
37.405
37.5497
37.6934
37.8377
37.9826
38.1273
38.2725
38.4178
38.5633
38.7093
38.8556
39.002
39.149
39.2945
39.4415
39.5893
39.7376
39.8861
40.0329
40.1797
40.3271
40.4748
40.624
40.7729
40.9213
41.0716
41.2214
41.3715
41.5222
41.6726
41.8248
41.975
42.125
42.2763
42.427
42.5795
42.7327
42.8856
43.0382
43.1918
43.3465
43.4996
43.6531
43.8062
43.9597
44.1145
44.2687
44.4239
44.579
44.7329
44.888
45.0439
45.199
45.3559
45.5113
45.6682
45.825
45.9816
46.1385
46.296
46.454
46.613
46.7721
46.9306
47.091
47.2518
47.4115
47.5713
47.7327
47.8935
48.0535
48.2153
48.3768
48.5379
48.6999
48.8623
49.0233
49.1872
49.3495
49.5128
49.6772
49.8413
50.0045
50.169
50.3339
50.499
50.6654
50.831
50.9949
51.1605
51.3272
51.4939
51.6616
51.8283
51.9956
52.1636
52.3316
52.4996
52.6688
52.8388
53.0083
53.1773
53.3471
53.5161
53.6868
53.8577
54.0293
54.1996
54.3717
54.5423
54.7144
54.8881
55.0611
55.233
55.4064
55.5796
55.7543
55.9285
56.1037
56.2781
56.4529
56.6279
56.8034
56.9797
57.1565
57.3329
57.5097
57.6875
57.8653
58.0426
58.2207
58.3989
58.5762
58.7538
58.9331
59.1126
59.2943
59.475
59.6566
59.8381
60.0192
60.2005
60.3826
60.5646
60.7486
60.9321
61.1142
61.2976
61.482
61.6687
61.8517
62.0371
62.222
62.4079
62.5949
62.7811
62.9692
63.1566
63.3454
63.5353
63.7233
63.9122
64.101
64.2918
64.4818
64.6713
64.8615
65.0516
65.2438
65.435
65.6272
65.8203
66.0148
66.2084
66.4035
66.5989
66.7928
66.9878
67.1847
67.3795
67.5751
67.7725
67.971
68.1679
68.3668
68.5671
68.7674
68.967
69.1668
69.3654
69.5654
69.7665
69.9688
70.1697
70.372
70.574
70.775
70.9792
71.1832
71.389
71.5932
71.7986
72.0042
72.2095
72.4169
72.6243
72.8303
73.0372
73.2456
73.4551
73.6647
73.875
74.0858
74.2944
74.506
74.718
74.93
75.1438
75.3567
75.5711
75.7856
76.0011
76.2175
76.4319
76.6469
76.8605
77.0777
77.2974
77.5157
77.7363
77.9553
78.174
78.3942
78.6137
78.8324
79.0542
79.2776
79.5016
79.7233
79.9458
80.168
80.3917
80.6142
80.8393
81.0649
81.2906
81.519
81.7473
81.9768
82.2034
82.4318
82.6622
82.8924
83.1218
83.3528
83.5832
83.8167
84.0509
84.2855
84.5217
84.7562
84.992
85.2277
85.4629
85.6984
85.9368
86.1753
86.4148
86.6529
86.8903
87.13
87.3736
87.6166
87.8584
88.0994
88.3435
88.5866
88.8288
89.0731
89.3208
89.5681
89.8166
90.0642
90.3111
90.5604
90.8091
91.0615
91.314
91.5669
91.8195
92.072
92.3255
92.5802
92.8357
93.0906
93.3471
93.6028
93.859
94.1193
94.3777
94.6363
94.8965
95.159
95.4194
95.6834
95.9471
96.213
96.4782
96.7409
97.0075
97.2748
97.5431
97.8115
98.0807
98.3509
98.6183
98.8881
99.1601
99.4324
99.7053
99.9804
100.254
100.528
100.804
101.083
101.361
101.638
101.917
102.197
102.474
102.758
103.039
103.322
103.605
103.89
104.175
104.46
104.747
105.036
105.326
105.614
105.907
106.199
106.493
106.786
107.084
107.379
107.676
107.971
108.272
108.571
108.869
109.172
109.473
109.778
110.087
110.394
110.701
111.008
111.318
111.63
111.944
112.254
112.567
112.88
113.194
113.509
113.826
114.142
114.463
114.782
115.102
115.424
115.75
116.072
116.398
116.723
117.048
117.375
117.704
118.035
118.367
118.701
119.035
119.367
119.704
120.043
120.383
120.724
121.068
121.41
121.753
122.095
122.442
122.793
123.137
123.488
123.838
124.193
124.549
124.906
125.265
125.622
125.98
126.341
126.704
127.065
127.427
127.792
128.155
128.524
128.891
129.263
129.634
130.01
130.385
130.759
131.137
131.516
131.894
132.274
132.658
133.039
133.424
133.81
134.199
134.593
134.987
135.382
135.779
136.176
136.576
136.977
137.38
137.784
138.191
138.6
139.01
139.419
139.831
140.245
140.659
141.078
141.498
141.924
142.347
142.775
143.205
143.636
144.067
144.499
144.928
145.364
145.809
146.249
146.692
147.136
147.586
148.033
148.486
148.94
149.396
149.855
150.314
150.775
151.239
151.71
152.177
152.648
153.121
153.596
154.074
154.55
155.034
155.52
156.009
156.503
156.994
157.488
157.987
158.481
158.977
159.477
159.989
160.502
161.014
161.529
162.045
162.566
163.085
163.615
164.146
164.673
165.214
165.752
166.292
166.835
167.381
167.933
168.489
169.043
169.603
170.163
170.731
171.298
171.868
172.446
173.03
173.609
174.191
174.781
175.372
175.969
176.569
177.171
177.781
178.39
179.006
179.628
180.25
180.882
181.514
182.148
182.789
183.431
184.078
184.73
185.382
186.048
186.714
187.379
188.048
188.72
189.407
190.092
190.776
191.47
192.173
192.876
193.586
194.304
195.02
195.746
196.486
197.223
197.962
198.712
199.465
200.227
200.993
201.771
202.557
203.343
204.133
204.927
205.727
206.529
207.341
208.165
208.995
209.839
210.684
211.536
212.395
213.26
214.127
215.013
215.895
216.79
217.7
218.607
219.526
220.454
221.393
222.347
223.306
224.272
225.247
226.235
227.232
228.233
229.243
230.27
231.306
232.352
233.411
234.484
235.572
236.667
237.765
238.877
240.012
241.157
242.31
243.484
244.676
245.877
247.089
248.312
249.552
250.808
252.085
253.37
254.671
255.991
257.329
258.693
260.056
261.447
262.863
264.307
265.762
267.249
268.745
270.257
271.805
273.365
274.963
276.58
278.215
279.885
281.587
283.313
285.072
286.851
288.695
290.545
292.442
294.368
296.335
298.336
300.368
302.435
304.551
306.718
308.924
311.184
313.497
315.868
318.315
320.816
323.361
325.991
328.704
331.461
334.32
337.246
340.242
343.325
346.521
349.77
353.148
356.648
360.269
364.003
367.9
371.991
376.202
380.561
385.129
389.923
394.93
400.2
405.757
411.61
417.826
424.382
431.424
438.881
446.882
455.646
465.097
475.518
486.905
499.616
514.077
530.793
550.161
573.703
603.388
643.367
704.321
828.751
