0.0651003
0.130053
0.195443
0.260159
0.325178
0.390286
0.455844
0.520501
0.584991
0.649917
0.715622
0.781526
0.846859
0.91211
0.977722
1.04346
1.10896
1.17482
1.24117
1.30729
1.3735
1.4405
1.50632
1.57312
1.63969
1.70685
1.77381
1.84018
1.90695
1.97353
2.04123
2.10828
2.17513
2.24174
2.30824
2.37538
2.44331
2.51063
2.57822
2.64612
2.71409
2.78164
2.84975
2.91785
2.98583
3.05355
3.12197
3.19099
3.25945
3.32804
3.39652
3.46548
3.5351
3.6036
3.67253
3.74167
3.81078
3.88019
3.95011
4.01974
4.08886
4.15869
4.22845
4.29853
4.36899
4.43877
4.50905
4.57935
4.64989
4.7193
4.78969
4.86052
4.93098
5.00204
5.07283
5.14404
5.21567
5.2874
5.35854
5.42936
5.50073
5.57211
5.64345
5.71473
5.78633
5.85846
5.93041
6.0025
6.07474
6.14641
6.21851
6.2911
6.36383
6.43735
6.51061
6.58369
6.65745
6.73117
6.80449
6.87705
6.95069
7.02448
7.09748
7.17154
7.24586
7.32037
7.39507
7.46906
7.54288
7.61786
7.69247
7.76664
7.84107
7.91625
7.99075
8.06547
8.14057
8.21559
8.29095
8.36639
8.44239
8.5179
8.59391
8.66917
8.74553
8.82213
8.89798
8.97455
9.05137
9.12903
9.20567
9.28221
9.35904
9.43577
9.51301
9.58945
9.66654
9.74428
9.82179
9.8993
9.97756
10.0546
10.1329
10.211
10.2902
10.3677
10.4463
10.5246
10.6031
10.6821
10.7617
10.8403
10.9189
10.998
11.0776
11.1572
11.2368
11.3169
11.397
11.4769
11.5568
11.6374
11.7191
11.7996
11.88
11.96
12.0406
12.1214
12.2023
12.284
12.3651
12.4469
12.5291
12.6112
12.6938
12.775
12.8567
12.9386
13.0206
13.1039
13.1864
13.2685
13.3509
13.4337
13.5174
13.6007
13.6837
13.7672
13.8504
13.9343
14.0183
14.1024
14.1862
14.2707
14.3544
14.4391
14.5241
14.6084
14.6929
14.7781
14.8626
14.9473
15.0324
15.1177
15.2039
15.2893
15.3757
15.462
15.5481
15.6347
15.7214
15.8083
15.8949
15.982
16.0691
16.1562
16.2439
16.3312
16.4185
16.5054
16.5938
16.6822
16.7708
16.86
16.9481
17.0369
17.1255
17.2144
17.304
17.3935
17.4825
17.5724
17.6625
17.7527
17.8429
17.9325
18.023
18.1125
18.2031
18.2936
18.3851
18.4757
18.5675
18.6593
18.7508
18.8428
18.9349
19.0271
19.1186
19.2115
19.3043
19.3965
19.4897
19.5834
19.6763
19.7698
19.8633
19.9576
20.0507
20.1434
20.2382
20.3322
20.4265
20.522
20.6166
20.711
20.8054
20.9008
20.9962
21.0914
21.1871
21.2837
21.3794
21.4761
21.5727
21.67
21.7668
21.8638
21.9606
22.0578
22.1549
22.253
22.3511
22.4491
22.5479
22.6455
22.7432
22.842
22.941
23.0409
23.1415
23.2406
23.3399
23.4394
23.5402
23.6401
23.7397
23.8407
23.9416
24.0428
24.1444
24.2461
24.3482
24.4499
24.5508
24.6517
24.7544
24.8563
24.9595
25.0621
25.1653
25.2677
25.3707
25.4745
25.5782
25.6823
25.7871
25.8915
25.9963
26.1008
26.2062
26.3117
26.4172
26.5222
26.6281
26.7345
26.8408
26.947
27.0539
27.1599
27.267
27.3742
27.481
27.5882
27.6958
27.804
27.9116
28.0196
28.1283
28.2373
28.3469
28.4562
28.5655
28.6756
28.7856
28.8964
29.0063
29.1165
29.2264
29.3383
29.4492
29.5611
29.6726
29.7842
29.8971
30.0101
30.1221
30.2348
30.3477
30.4608
30.5749
30.6893
30.8033
30.9172
31.0322
31.1472
31.262
31.3778
31.4938
31.6103
31.7269
31.8428
31.9599
32.0778
32.1942
32.3106
32.4284
32.5466
32.6636
32.7812
32.8991
33.017
33.135
33.254
33.3739
33.4937
33.6127
33.733
33.8533
33.9731
34.0938
34.2146
34.335
34.4565
34.5779
34.7015
34.8232
34.9468
35.0698
35.1939
35.3178
35.4406
35.5646
35.6898
35.814
35.9401
36.0661
36.1914
36.3179
36.4452
36.572
36.6985
36.8262
36.9533
37.0813
37.209
37.3374
37.4656
37.5947
37.7244
37.8538
37.9829
38.1133
38.2432
38.3735
38.5038
38.6343
38.7664
38.8971
39.0293
39.1607
39.2941
39.4271
39.56
39.6926
39.8268
39.9619
40.0972
40.232
40.3668
40.5027
40.6396
40.7757
40.9118
41.0484
41.1858
41.3241
41.4616
41.6011
41.7408
41.881
42.0211
42.1604
42.3
42.4402
42.5811
42.7213
42.8626
43.004
43.1461
43.2886
43.4322
43.5748
43.7193
43.8655
44.0094
44.1539
44.2966
44.441
44.5873
44.733
44.8787
45.0268
45.1741
45.3219
45.4686
45.6165
45.7666
45.9167
46.0674
46.2173
46.3674
46.5186
46.6691
46.8205
46.9729
47.1241
47.2765
47.4308
47.5838
47.7376
47.8928
48.0488
48.2048
48.3595
48.5156
48.6731
48.8313
48.989
49.1474
49.3053
49.464
49.6217
49.7814
49.9411
50.1024
50.2646
50.4259
50.5871
50.7496
50.9127
51.0751
51.2405
51.4045
51.5688
51.7339
51.8985
52.0657
52.2327
52.4008
52.5703
52.7384
52.9078
53.0775
53.2467
53.4184
53.5899
53.7615
53.9343
54.1066
54.28
54.4532
54.6271
54.8018
54.9769
55.1527
55.3292
55.5057
55.683
55.8608
56.0394
56.2185
56.3991
56.579
56.7598
56.9423
57.1243
57.307
57.4898
57.6718
57.8568
58.0411
58.2256
58.412
58.5964
58.7834
58.9721
59.1591
59.3454
59.5341
59.7238
59.915
60.1068
60.2984
60.4938
60.6863
60.8802
61.0752
61.27
61.4679
61.6636
61.8609
62.0581
62.2569
62.4564
62.657
62.859
63.0621
63.2644
63.4668
63.6712
63.874
64.081
64.2876
64.494
64.7024
64.9104
65.121
65.3308
65.5411
65.7517
65.9617
66.1716
66.3855
66.5984
66.8135
67.0286
67.2437
67.4612
67.6815
67.901
68.1215
68.3417
68.5629
68.7852
69.0087
69.232
69.4581
69.6837
69.913
70.1384
70.3632
70.593
70.8208
71.051
71.2844
71.5173
71.7494
71.9841
72.2193
72.456
72.6953
72.9349
73.1729
73.4126
73.6536
73.8963
74.1404
74.3858
74.6314
74.8757
75.1234
75.3734
75.6193
75.8679
76.1204
76.3713
76.6277
76.8818
77.1382
77.3934
77.65
77.9086
78.1678
78.4305
78.6936
78.9589
79.226
79.4926
79.761
80.0287
80.2978
80.5688
80.843
81.1159
81.3897
81.6649
81.9452
82.2224
82.5033
82.7867
83.0729
83.3558
83.6423
83.9283
84.2183
84.5093
84.798
85.0894
85.384
85.6786
85.9774
86.2752
86.575
86.8791
87.1822
87.4863
87.7946
88.103
88.4096
88.7192
89.033
89.3486
89.6656
89.9826
90.3001
90.6236
90.947
91.2723
91.6018
91.9269
92.2589
92.595
92.9287
93.2649
93.6034
93.9397
94.2811
94.6243
94.9656
95.3135
95.663
96.0149
96.3694
96.7242
97.0826
97.4426
97.8074
98.1724
98.5391
98.9073
99.2782
99.6531
100.026
100.401
100.782
101.163
101.55
101.936
102.326
102.717
103.11
103.508
103.906
104.306
104.707
105.113
105.521
105.932
106.348
106.761
107.183
107.602
108.027
108.454
108.885
109.321
109.752
110.187
110.626
111.07
111.522
111.977
112.429
112.884
113.345
113.806
114.269
114.738
115.208
115.685
116.159
116.642
117.128
117.614
118.107
118.601
119.096
119.601
120.103
120.613
121.122
121.639
122.157
122.684
123.21
123.741
124.274
124.811
125.351
125.901
126.445
126.998
127.552
128.108
128.67
129.234
129.804
130.379
130.96
131.541
132.134
132.724
133.319
133.92
134.522
135.128
135.74
136.359
136.984
137.608
138.24
138.878
139.518
140.167
140.816
141.472
142.126
142.795
143.465
144.142
144.823
145.515
146.209
146.905
147.603
148.308
149.021
149.73
150.448
151.181
151.919
152.661
153.408
154.164
154.93
155.693
156.462
157.236
158.019
158.802
159.592
160.397
161.205
162.022
162.847
163.675
164.509
165.35
166.2
167.052
167.914
168.777
169.654
170.537
171.429
172.337
173.245
174.159
175.082
176.015
176.952
177.904
178.857
179.831
180.805
181.792
182.782
183.777
184.789
185.813
186.842
187.884
188.926
189.98
191.041
192.123
193.205
194.297
195.404
196.527
197.662
198.819
199.98
201.146
202.322
203.506
204.705
205.917
207.14
208.364
209.612
210.882
212.159
213.455
214.756
216.069
217.393
218.747
220.106
221.479
222.878
224.283
225.697
227.119
228.57
230.041
231.524
233.029
234.537
236.081
237.626
239.187
240.79
242.412
244.03
245.686
247.353
249.036
250.742
252.474
254.237
255.999
257.777
259.598
261.433
263.301
265.195
267.106
269.061
271.026
273.023
275.057
277.114
279.221
281.342
283.49
285.688
287.91
290.183
292.475
294.799
297.162
299.54
301.969
304.448
306.945
309.48
312.065
314.701
317.385
320.101
322.876
325.689
328.585
331.515
334.518
337.54
340.65
343.822
347.038
350.34
353.662
357.083
360.546
364.091
367.707
371.444
375.302
379.17
383.133
387.206
391.391
395.677
400.03
404.5
409.082
413.807
418.624
423.598
428.695
433.988
439.406
444.976
450.752
456.707
462.858
469.198
475.758
482.578
489.632
496.967
504.6
512.516
520.791
529.332
538.247
547.635
557.427
567.804
578.706
590.12
602.318
615.32
629.009
643.841
659.741
676.94
695.489
715.669
738.064
763.204
791.317
823.693
861.677
907.213
964.556
1040.65
1156.44
1388.7
