0.0989613
0.198091
0.297724
0.396508
0.495716
0.595564
0.696349
0.796714
0.895513
0.996099
1.09727
1.19877
1.29892
1.39994
1.50167
1.6018
1.7022
1.80261
1.90339
2.00531
2.10715
2.2099
2.31204
2.41388
2.51593
2.6174
2.71884
2.82077
2.92341
3.02581
3.12879
3.23204
3.33342
3.43683
3.53924
3.64216
3.74578
3.84809
3.95134
4.05535
4.15787
4.26084
4.36402
4.4689
4.57263
4.67687
4.78121
4.88549
4.98974
5.09391
5.19853
5.30236
5.40685
5.51196
5.61705
5.72146
5.82593
5.93156
6.03732
6.14261
6.24777
6.35312
6.46012
6.56571
6.6716
6.77758
6.88497
6.9917
7.09885
7.20578
7.31298
7.41912
7.52598
7.63293
7.74078
7.84802
7.95572
8.06417
8.17146
8.27857
8.38582
8.49441
8.60196
8.71038
8.81852
8.92687
9.03625
9.14554
9.25545
9.36436
9.47387
9.5838
9.69327
9.80282
9.91292
10.0233
10.1327
10.2418
10.3527
10.4633
10.5747
10.685
10.7951
10.906
11.0171
11.1275
11.2389
11.3504
11.4624
11.5741
11.6854
11.7976
11.9095
12.0215
12.1343
12.2472
12.3601
12.4726
12.5851
12.6984
12.8099
12.9229
13.036
13.1496
13.2629
13.3766
13.4909
13.6051
13.7199
13.8339
13.9475
14.0618
14.1758
14.2902
14.4053
14.5202
14.635
14.7503
14.8656
14.9814
15.0975
15.2138
15.3287
15.4465
15.5619
15.6775
15.7941
15.9111
16.0276
16.1447
16.2624
16.3784
16.4954
16.6123
16.7296
16.8473
16.9642
17.0823
17.2007
17.3202
17.4393
17.5581
17.6761
17.7954
17.914
18.0334
18.1529
18.2719
18.3914
18.5108
18.6298
18.7492
18.8694
18.9896
19.1108
19.2311
19.3521
19.4728
19.5934
19.714
19.8348
19.9556
20.0777
20.1994
20.3208
20.4427
20.5643
20.6875
20.8098
20.9317
21.0535
21.1786
21.3015
21.4246
21.5488
21.672
21.7962
21.9205
22.0455
22.1683
22.2923
22.4174
22.5418
22.6675
22.7931
22.918
23.0442
23.1701
23.295
23.4211
23.547
23.6734
23.8001
23.927
24.0529
24.1797
24.3052
24.4329
24.5597
24.6867
24.8141
24.9416
25.0692
25.1978
25.3253
25.4536
25.582
25.7105
25.8381
25.9669
26.0956
26.2258
26.3552
26.4845
26.6148
26.7442
26.875
27.0071
27.1374
27.2672
27.3972
27.5276
27.659
27.7907
27.9237
28.055
28.1874
28.3187
28.4514
28.5839
28.7157
28.8485
28.9815
29.1145
29.2471
29.3806
29.515
29.6483
29.7805
29.9147
30.049
30.1842
30.3181
30.4539
30.5877
30.7235
30.8591
30.9951
31.1318
31.2692
31.4061
31.5428
31.6794
31.8162
31.9528
32.0905
32.2288
32.3673
32.5055
32.644
32.7816
32.919
33.0576
33.1966
33.3355
33.474
33.6138
33.7537
33.8946
34.0338
34.1721
34.3125
34.4531
34.5951
34.7367
34.8772
35.0195
35.1611
35.3026
35.4446
35.5852
35.7275
35.8692
36.0123
36.1553
36.2985
36.4424
36.5864
36.7303
36.8747
37.0195
37.1628
37.3076
37.454
37.5989
37.7451
37.8905
38.0354
38.1801
38.3259
38.4721
38.619
38.7659
38.9134
39.0592
39.2074
39.3563
39.5048
39.6542
39.8017
39.9508
40.1005
40.2501
40.3998
40.5491
40.6974
40.8477
40.9965
41.1461
41.2958
41.4466
41.5975
41.7486
41.9002
42.0521
42.2035
42.3567
42.5104
42.6641
42.8169
42.9696
43.1231
43.276
43.43
43.5841
43.7383
43.8934
44.0487
44.2039
44.3597
44.5157
44.6728
44.8304
44.9886
45.1446
45.301
45.459
45.6176
45.7763
45.9343
46.0924
46.2503
46.4085
46.5665
46.727
46.8857
47.0448
47.2046
47.3659
47.5251
47.6851
47.8463
48.0075
48.1694
48.3309
48.4936
48.6567
48.8191
48.9805
49.1432
49.3076
49.4707
49.6343
49.7986
49.9631
50.1269
50.2921
50.4586
50.623
50.7885
50.9557
51.1211
51.2877
51.4532
51.6194
51.786
51.9531
52.1219
52.2905
52.4594
52.6278
52.7975
52.9669
53.1369
53.3074
53.4782
53.6491
53.8215
53.9917
54.1638
54.3378
54.5114
54.6849
54.8587
55.0323
55.205
55.3792
55.5533
55.7279
55.9014
56.0763
56.2511
56.4267
56.6027
56.7788
56.9555
57.1328
57.3091
57.486
57.6629
57.8418
58.0204
58.1978
58.3754
58.5555
58.7361
58.9164
59.0974
59.2785
59.4592
59.6399
59.8224
60.0059
60.1882
60.3707
60.5534
60.7382
60.9235
61.1088
61.2937
61.479
61.666
61.8508
62.0359
62.2218
62.407
62.5953
62.7839
62.9724
63.1589
63.3482
63.5371
63.7249
63.9136
64.1036
64.293
64.4832
64.6744
64.8655
65.0567
65.2473
65.4393
65.6321
65.8261
66.0207
66.214
66.409
66.6022
66.7968
66.9932
67.1887
67.385
67.5817
67.7778
67.9748
68.1741
68.3715
68.5696
68.7667
68.9683
69.1678
69.3688
69.5694
69.7709
69.9724
70.1769
70.3795
70.5841
70.7875
70.9893
71.193
71.3972
71.6009
71.8065
72.0141
72.2205
72.426
72.6348
72.8397
73.0472
73.2557
73.4628
73.6715
73.8827
74.0918
74.3015
74.5133
74.7257
74.9363
75.1489
75.3607
75.5745
75.7875
76.0025
76.2157
76.4309
76.6463
76.8627
77.0791
77.2956
77.5123
77.7295
77.9462
78.1658
78.3854
78.605
78.8254
79.0453
79.2675
79.4875
79.7094
79.9311
80.1535
80.3781
80.601
80.8246
81.0493
81.2739
81.5028
81.7289
81.9566
82.1845
82.4148
82.6424
82.8694
83.1003
83.3322
83.5644
83.7949
84.0258
84.2575
84.4894
84.7236
84.9577
85.1912
85.4267
85.6611
85.8966
86.1335
86.3716
86.6123
86.8518
87.0906
87.329
87.5702
87.8143
88.0571
88.2972
88.5397
88.7831
89.028
89.2727
89.5173
89.7633
90.0101
90.2587
90.5087
90.7585
91.0076
91.2563
91.5083
91.7582
92.0089
92.2624
92.5144
92.7672
93.0209
93.2768
93.5318
93.7911
94.0487
94.3071
94.5631
94.8223
95.0816
95.3409
95.6012
95.8637
96.127
96.3883
96.654
96.9174
97.182
97.4457
97.7135
97.9835
98.2515
98.5216
98.7921
99.0604
99.3305
99.6045
99.8773
100.152
100.426
100.702
100.978
101.253
101.53
101.811
102.09
102.369
102.647
102.926
103.207
103.488
103.77
104.055
104.34
104.627
104.912
105.199
105.485
105.774
106.06
106.35
106.641
106.934
107.225
107.522
107.817
108.114
108.413
108.71
109.008
109.307
109.608
109.908
110.213
110.517
110.82
111.124
111.427
111.737
112.044
112.354
112.663
112.975
113.286
113.601
113.912
114.227
114.541
114.857
115.176
115.496
115.813
116.134
116.456
116.779
117.101
117.426
117.752
118.078
118.406
118.736
119.067
119.397
119.73
120.061
120.393
120.73
121.068
121.405
121.746
122.087
122.431
122.773
123.118
123.464
123.809
124.153
124.5
124.849
125.201
125.557
125.912
126.268
126.626
126.98
127.339
127.702
128.066
128.427
128.791
129.156
129.524
129.893
130.261
130.634
131.007
131.383
131.759
132.135
132.513
132.892
133.274
133.656
134.04
134.425
134.813
135.202
135.593
135.984
136.378
136.774
137.171
137.57
137.966
138.367
138.77
139.173
139.575
139.982
140.393
140.802
141.216
141.634
142.046
142.464
142.884
143.302
143.722
144.146
144.574
145.002
145.437
145.867
146.3
146.733
147.173
147.615
148.057
148.5
148.946
149.395
149.845
150.3
150.754
151.209
151.666
152.126
152.587
153.05
153.519
153.989
154.46
154.934
155.407
155.882
156.356
156.838
157.321
157.81
158.297
158.786
159.28
159.773
160.271
160.771
161.27
161.777
162.283
162.798
163.315
163.828
164.349
164.874
165.4
165.928
166.457
166.991
167.528
168.064
168.602
169.146
169.693
170.238
170.786
171.345
171.901
172.471
173.032
173.604
174.171
174.749
175.329
175.911
176.49
177.078
177.673
178.265
178.866
179.469
180.075
180.685
181.302
181.919
182.54
183.17
183.802
184.436
185.077
185.716
186.366
187.015
187.669
188.325
188.986
189.65
190.323
190.997
191.678
192.366
193.055
193.739
194.437
195.139
195.848
196.564
197.284
198.006
198.739
199.472
200.214
200.963
201.712
202.471
203.23
203.99
204.759
205.544
206.328
207.12
207.92
208.731
209.543
210.359
211.188
212.024
212.865
213.708
214.562
215.43
216.302
217.185
218.071
218.954
219.858
220.762
221.677
222.591
223.525
224.466
225.417
226.375
227.344
228.322
229.306
230.297
231.311
232.335
233.363
234.405
235.459
236.516
237.586
238.672
239.774
240.882
241.99
243.118
244.264
245.42
246.583
247.773
248.976
250.184
251.411
252.656
253.914
255.186
256.474
257.788
259.116
260.471
261.837
263.237
264.643
266.066
267.51
268.961
270.447
271.954
273.495
275.058
276.646
278.249
279.885
281.537
283.2
284.914
286.652
288.41
290.201
292.052
293.922
295.83
297.748
299.733
301.757
303.82
305.928
308.066
310.258
312.5
314.78
317.135
319.548
322.003
324.508
327.082
329.753
332.479
335.322
338.21
341.17
344.241
347.385
350.596
353.948
357.432
361.035
364.764
368.609
372.588
376.779
381.155
385.727
390.521
395.536
400.811
406.425
412.285
418.628
425.265
432.43
440.128
448.531
457.71
467.658
478.82
491.306
505.808
522.504
542.612
567.727
601.21
651.474
752.495
