0.00717583
0.0143123
0.0215375
0.0287234
0.0359869
0.0432503
0.050502
0.0577767
0.0650927
0.0724673
0.0798447
0.0871807
0.0945324
0.101913
0.109347
0.116678
0.124054
0.131453
0.138912
0.146368
0.153832
0.161274
0.16876
0.176333
0.18384
0.191382
0.198935
0.206454
0.214042
0.221587
0.229194
0.236817
0.24442
0.252056
0.259722
0.267384
0.275049
0.282781
0.290501
0.298246
0.306051
0.313862
0.321671
0.329448
0.337228
0.345026
0.352817
0.360652
0.368542
0.376382
0.384308
0.392115
0.400039
0.40791
0.415852
0.423866
0.431814
0.439765
0.447716
0.455709
0.463699
0.471716
0.479604
0.487672
0.495695
0.503738
0.511911
0.520109
0.528245
0.536401
0.544526
0.552731
0.561051
0.569261
0.577551
0.58581
0.594141
0.602492
0.610768
0.619006
0.62741
0.635773
0.6441
0.652485
0.660905
0.669287
0.677731
0.686131
0.694599
0.703117
0.711665
0.720233
0.728813
0.737377
0.746028
0.754636
0.763187
0.771803
0.7804
0.789026
0.797715
0.806366
0.815083
0.823818
0.83254
0.841297
0.850055
0.858861
0.867707
0.876546
0.885346
0.894204
0.903056
0.911941
0.920839
0.929758
0.938715
0.947723
0.956731
0.965669
0.974694
0.983706
0.992788
1.00181
1.01087
1.02
1.02909
1.03817
1.04738
1.05655
1.0657
1.07494
1.08421
1.09342
1.10267
1.11191
1.12118
1.13054
1.13976
1.14914
1.15848
1.16784
1.17721
1.18674
1.1962
1.20566
1.21508
1.22459
1.23399
1.24353
1.25312
1.26262
1.27208
1.28179
1.29133
1.30094
1.31066
1.32046
1.33018
1.33991
1.34971
1.35945
1.36925
1.37909
1.38888
1.39872
1.40865
1.41852
1.42843
1.43838
1.44828
1.45817
1.46813
1.47811
1.48813
1.49816
1.50825
1.5183
1.52835
1.5385
1.54859
1.55872
1.56881
1.5789
1.58911
1.5993
1.60956
1.61973
1.62988
1.64012
1.65037
1.66069
1.67109
1.68145
1.69195
1.70229
1.71269
1.72316
1.73356
1.74405
1.75464
1.76515
1.77565
1.78628
1.79684
1.80748
1.81808
1.82874
1.83938
1.85004
1.86078
1.87156
1.88236
1.89316
1.90402
1.91484
1.92557
1.93648
1.94739
1.9583
1.96927
1.98025
1.99122
2.00224
2.01328
2.02449
2.0354
2.04642
2.05752
2.06864
2.07985
2.09103
2.1022
2.11346
2.12474
2.13595
2.14716
2.15847
2.16975
2.18108
2.19245
2.20379
2.2152
2.22657
2.23802
2.24951
2.26101
2.27262
2.28414
2.29577
2.30735
2.31889
2.33051
2.34218
2.35397
2.36571
2.37752
2.38922
2.40109
2.4129
2.42476
2.43651
2.44841
2.46033
2.47227
2.48424
2.4963
2.50824
2.52034
2.53241
2.54453
2.55667
2.56878
2.58097
2.59321
2.60535
2.61752
2.6298
2.6421
2.65441
2.66672
2.67907
2.69158
2.70395
2.71646
2.72884
2.74135
2.7538
2.76638
2.7789
2.79151
2.80429
2.81684
2.82952
2.84231
2.85518
2.86787
2.88055
2.89332
2.90616
2.91898
2.93195
2.94496
2.95777
2.97071
2.98372
2.99682
3.00992
3.02302
3.03617
3.04938
3.06249
3.07566
3.08893
3.10208
3.11531
3.12859
3.14194
3.15522
3.16859
3.18206
3.19551
3.20896
3.22248
3.23594
3.2496
3.2632
3.27682
3.29061
3.30438
3.31804
3.33177
3.34561
3.35931
3.37317
3.38704
3.40096
3.41501
3.42911
3.44306
3.45712
3.47125
3.48536
3.49956
3.51378
3.52782
3.54211
3.55639
3.57071
3.58503
3.59943
3.61384
3.62837
3.64284
3.6573
3.67178
3.68639
3.701
3.71569
3.73032
3.74503
3.75982
3.77443
3.78933
3.80412
3.819
3.83386
3.84879
3.86381
3.87879
3.89381
3.90889
3.92405
3.93921
3.95435
3.96973
3.98505
4.00032
4.01561
4.03091
4.04637
4.06187
4.07738
4.09315
4.10876
4.12444
4.14006
4.15573
4.17142
4.18729
4.20315
4.21917
4.23499
4.25103
4.2671
4.28318
4.29932
4.31553
4.33162
4.34793
4.36424
4.38041
4.39688
4.41329
4.42958
4.44604
4.46256
4.47915
4.49574
4.51236
4.52897
4.54576
4.56248
4.57935
4.59642
4.61335
4.63038
4.64736
4.66462
4.68173
4.69889
4.71605
4.73338
4.75077
4.76821
4.78562
4.80294
4.82041
4.83782
4.8554
4.87299
4.89057
4.9082
4.92602
4.94394
4.96172
4.97954
4.99758
5.01561
5.03374
5.05172
5.06989
5.08781
5.10604
5.12421
5.14243
5.16076
5.179
5.19747
5.21592
5.23439
5.25308
5.27173
5.29057
5.30923
5.32828
5.34716
5.36607
5.38503
5.40421
5.42341
5.44256
5.46171
5.48112
5.50058
5.51991
5.53934
5.55891
5.57853
5.59809
5.61795
5.63761
5.65744
5.67735
5.69742
5.7174
5.73724
5.7573
5.77722
5.79752
5.81787
5.83821
5.85863
5.87904
5.89971
5.92032
5.94094
5.96163
5.98231
6.00312
6.02398
6.04493
6.06608
6.08717
6.10854
6.12981
6.15111
6.17274
6.19418
6.21577
6.23725
6.2588
6.28029
6.30194
6.3238
6.3456
6.36768
6.38966
6.41182
6.43391
6.45632
6.47869
6.50124
6.52375
6.54623
6.56871
6.59158
6.61441
6.63711
6.66015
6.68317
6.70652
6.72973
6.75279
6.77605
6.79945
6.82271
6.8462
6.87
6.89354
6.9173
6.94117
6.96503
6.9891
7.0133
7.03728
7.06167
7.08606
7.11041
7.13508
7.15963
7.18449
7.20925
7.2341
7.25889
7.28388
7.30884
7.33421
7.35949
7.3848
7.41015
7.43589
7.46163
7.4876
7.51346
7.53927
7.56528
7.59146
7.61752
7.64386
7.67019
7.69718
7.72388
7.75084
7.77765
7.8049
7.83192
7.85922
7.88659
7.9141
7.94155
7.96899
7.99676
8.02461
8.0525
8.08043
8.10878
8.13693
8.16544
8.19402
8.22237
8.25126
8.28001
8.30916
8.33812
8.36734
8.39659
8.42614
8.45569
8.48543
8.51553
8.54528
8.57546
8.60566
8.63609
8.66658
8.69746
8.7281
8.75929
8.79026
8.82139
8.8529
8.8842
8.91604
8.9478
8.97964
9.01146
9.04338
9.07591
9.10847
9.14128
9.17389
9.20669
9.23978
9.2729
9.30605
9.33955
9.37297
9.40669
9.44055
9.47466
9.50904
9.5436
9.57801
9.61297
9.64799
9.68274
9.71827
9.7536
9.78914
9.82491
9.86087
9.89721
9.93329
9.96981
10.0063
10.0432
10.0804
10.1175
10.155
10.1928
10.2308
10.2686
10.3067
10.3448
10.3833
10.4222
10.4612
10.5004
10.5403
10.5795
10.6193
10.6594
10.6995
10.7401
10.7811
10.8225
10.8637
10.9053
10.9469
10.9888
11.0312
11.0731
11.1156
11.1585
11.2019
11.245
11.2883
11.3321
11.3763
11.4208
11.4651
11.5099
11.5557
11.6012
11.6471
11.6932
11.7398
11.7863
11.8334
11.8802
11.9278
11.9754
12.0242
12.0728
12.1212
12.1703
12.2197
12.2693
12.319
12.3695
12.4202
12.4713
12.5226
12.5747
12.6267
12.6791
12.7319
12.7852
12.8387
12.8924
12.9465
13.0013
13.0563
13.1116
13.1671
13.2236
13.2805
13.3378
13.3956
13.4541
13.5131
13.5721
13.6314
13.6912
13.7514
13.8121
13.8734
13.9352
13.9973
14.06
14.1234
14.1877
14.2521
14.3169
14.3821
14.4485
14.5152
14.5825
14.6507
14.7191
14.7883
14.8575
14.9278
14.9992
15.0708
15.143
15.2168
15.2911
15.3655
15.4405
15.5161
15.5923
15.6695
15.7477
15.8268
15.9062
15.9862
16.0671
16.1499
16.2327
16.3167
16.4021
16.4874
16.5737
16.6624
16.7517
16.8425
16.9333
17.0263
17.1196
17.2133
17.3082
17.4048
17.5034
17.6027
17.7028
17.8037
17.9065
18.0107
18.1158
18.223
18.3311
18.4409
18.5523
18.6647
18.779
18.8946
19.0123
19.1319
19.2554
19.3788
19.5035
19.6312
19.7602
19.8922
20.0266
20.1624
20.3021
20.4428
20.5858
20.7317
20.8808
21.0333
21.1892
21.3466
21.5081
21.6712
21.8383
22.0083
22.1817
22.3601
22.5421
22.7279
22.9185
23.1129
23.3117
23.5156
23.7249
23.9376
24.1585
24.3843
24.6164
24.8551
25.1011
25.3553
25.6174
25.8862
26.1679
26.4556
26.756
27.0659
27.3849
27.7178
28.0628
28.4247
28.8003
29.1952
29.6055
30.0417
30.4944
30.973
31.4838
32.0254
32.5975
33.2082
33.8577
34.5618
35.3053
36.1198
37.0098
37.9835
39.0497
40.2085
41.5055
42.9165
44.4819
46.2076
48.0997
50.1857
52.4593
54.9461
57.6282
60.5132
63.6174
66.951
70.5011
74.2093
78.1236
82.1869
86.4052
90.731
95.1933
99.7934
104.531
109.342
114.255
119.266
124.38
129.583
134.85
140.232
145.635
151.139
156.739
162.387
168.082
173.862
179.718
185.67
191.644
197.746
203.923
210.13
216.406
222.768
229.189
235.674
242.286
248.967
255.605
262.392
269.192
276.09
283.072
290.072
297.126
304.306
311.483
318.736
326.106
333.449
340.943
348.45
355.982
363.626
371.326
379.083
386.94
394.843
402.8
410.836
418.958
427.047
435.272
443.561
451.854
460.208
468.632
477.157
485.775
494.365
503.07
511.799
520.627
529.517
538.446
547.469
556.455
565.551
574.837
584.104
593.416
602.832
612.343
621.887
631.574
641.251
650.949
660.694
670.579
680.53
690.63
700.763
710.93
721.188
731.574
742.048
752.614
763.215
773.925
784.765
795.677
806.722
817.98
829.282
840.73
852.37
864.061
875.912
887.96
900.152
912.566
925.155
937.92
950.878
964.067
977.48
991.227
1005.28
1019.54
1034.09
1049.05
1064.38
1080.09
1096.36
1113.08
1130.29
1148.17
1166.61
1185.54
1205.34
1226.1
1247.91
1270.76
1294.86
1320.44
1347.39
1376.27
1407.51
1441.47
1478.96
1520.49
1567.14
1620.95
1684.14
1762.65
1864.11
2014.21
2306.88
