0.783748
0.96491
1.08361
1.17606
1.254
1.32116
1.38118
1.43635
1.48758
1.53504
1.58002
1.62235
1.66285
1.70172
1.73861
1.7739
1.80812
1.8416
1.87348
1.90462
1.93516
1.96489
1.99364
2.02172
2.04899
2.07586
2.10232
2.12816
2.15373
2.17873
2.20327
2.22743
2.25108
2.27469
2.29766
2.32049
2.34301
2.36521
2.38704
2.4085
2.42993
2.45119
2.47213
2.49297
2.51367
2.53406
2.55424
2.57408
2.59381
2.61353
2.63289
2.65211
2.67099
2.68977
2.70835
2.72685
2.74543
2.76375
2.78202
2.80007
2.81801
2.83593
2.85365
2.87127
2.8888
2.90632
2.92363
2.94076
2.95796
2.97499
2.99174
3.00852
3.0252
3.04189
3.05839
3.07481
3.0911
3.10736
3.12346
3.13955
3.15556
3.17171
3.18763
3.20362
3.21937
3.23524
3.25095
3.26658
3.28207
3.29769
3.31308
3.32848
3.34383
3.35919
3.37449
3.38967
3.40483
3.41994
3.43501
3.44991
3.46489
3.47976
3.49454
3.50937
3.52403
3.53868
3.55326
3.56786
3.5826
3.5971
3.61157
3.62601
3.64052
3.65489
3.66928
3.68359
3.69791
3.71231
3.72662
3.74091
3.75513
3.76931
3.78344
3.79764
3.81186
3.82591
3.83991
3.85379
3.86774
3.8816
3.8955
3.9095
3.92342
3.93726
3.95107
3.96489
3.97861
3.99244
4.00619
4.01984
4.03361
4.04725
4.06103
4.07458
4.08824
4.10173
4.1153
4.12893
4.14248
4.15608
4.16962
4.18303
4.19651
4.21006
4.22364
4.23719
4.25059
4.26404
4.27746
4.29093
4.30429
4.31763
4.3311
4.3445
4.35792
4.37132
4.38471
4.39798
4.4114
4.42472
4.43813
4.45136
4.46466
4.478
4.49131
4.50456
4.51784
4.53105
4.54427
4.5575
4.5707
4.58391
4.59716
4.61036
4.62361
4.63692
4.65019
4.66329
4.67648
4.6897
4.70287
4.71607
4.72912
4.74233
4.75539
4.7685
4.78169
4.79479
4.80805
4.82138
4.83454
4.84767
4.86087
4.87401
4.8872
4.90023
4.91346
4.92659
4.93984
4.95296
4.96614
4.9793
4.99249
5.00568
5.01879
5.032
5.04514
5.05833
5.07149
5.08475
5.09797
5.11116
5.12442
5.13754
5.15079
5.16398
5.1772
5.19041
5.20359
5.21688
5.23008
5.24329
5.25652
5.26976
5.28296
5.29624
5.30955
5.32275
5.33593
5.34909
5.36237
5.37569
5.38888
5.40209
5.4154
5.42878
5.44208
5.45538
5.46881
5.48197
5.49534
5.5086
5.522
5.53522
5.54858
5.56196
5.57532
5.58873
5.60216
5.61559
5.62896
5.64235
5.65586
5.66924
5.6826
5.69605
5.70947
5.72293
5.73649
5.75006
5.76362
5.77714
5.79061
5.80411
5.81757
5.83116
5.84475
5.8583
5.87191
5.88535
5.89913
5.91266
5.92622
5.93983
5.95342
5.96712
5.98087
5.99464
6.00838
6.02208
6.03577
6.04952
6.06326
6.07695
6.0908
6.10457
6.11836
6.13222
6.1461
6.16
6.17383
6.18765
6.20158
6.21565
6.22963
6.24358
6.25766
6.27173
6.2858
6.29981
6.31384
6.32792
6.34196
6.35607
6.37028
6.38446
6.39876
6.41293
6.42706
6.44124
6.45537
6.46967
6.48384
6.49824
6.51244
6.5268
6.54103
6.55536
6.56972
6.58419
6.59862
6.61299
6.62737
6.64178
6.65637
6.67091
6.68535
6.69992
6.71456
6.72921
6.74381
6.75834
6.77316
6.7878
6.80238
6.81713
6.83189
6.84665
6.86141
6.87635
6.8912
6.90594
6.92079
6.9356
6.95063
6.96559
6.98056
6.99569
7.01079
7.0259
7.04108
7.05627
7.07149
7.08672
7.10201
7.11728
7.13257
7.14782
7.16331
7.17871
7.19416
7.20951
7.22496
7.24047
7.2558
7.27136
7.28697
7.30271
7.31828
7.33404
7.34972
7.36555
7.38124
7.3969
7.41273
7.42857
7.44445
7.46046
7.47651
7.49255
7.50858
7.5245
7.54051
7.55652
7.57274
7.58886
7.60499
7.6213
7.63752
7.65386
7.67025
7.6867
7.7031
7.71972
7.73627
7.75285
7.76951
7.78604
7.80273
7.81931
7.836
7.85258
7.86945
7.88629
7.90325
7.92019
7.93719
7.95408
7.97111
7.98832
8.00549
8.0227
8.03994
8.05729
8.07448
8.09176
8.10914
8.1266
8.14407
8.16171
8.17927
8.19698
8.21458
8.23238
8.25011
8.26784
8.28563
8.30366
8.32159
8.33955
8.3577
8.3757
8.39379
8.41195
8.43024
8.44858
8.46698
8.48536
8.50376
8.52227
8.54096
8.55954
8.57814
8.59682
8.61566
8.63459
8.65335
8.67238
8.69133
8.71058
8.72945
8.74853
8.76763
8.78672
8.80612
8.8256
8.84521
8.86472
8.88403
8.90363
8.92336
8.9432
8.96307
8.98301
9.00316
9.02332
9.04331
9.06359
9.08378
9.10409
9.12446
9.1449
9.16556
9.18614
9.20657
9.22727
9.24805
9.26886
9.2896
9.31057
9.33149
9.35244
9.37358
9.39488
9.41628
9.43767
9.45918
9.48077
9.50244
9.52411
9.54606
9.56816
9.59007
9.61221
9.63437
9.65679
9.67926
9.70167
9.72398
9.74667
9.76932
9.79227
9.81494
9.83763
9.86055
9.88371
9.90688
9.93017
9.95365
9.97716
10.0006
10.0241
10.0479
10.0718
10.0959
10.1202
10.1443
10.1686
10.193
10.2175
10.2421
10.2669
10.2915
10.3165
10.3415
10.3669
10.3923
10.4175
10.4433
10.4687
10.4943
10.5201
10.5461
10.5721
10.5984
10.6249
10.6514
10.6781
10.7049
10.7316
10.7588
10.7861
10.8134
10.8408
10.8684
10.8962
10.9239
10.9519
10.9798
11.0079
11.0361
11.0646
11.0935
11.1223
11.151
11.1804
11.2097
11.2393
11.2691
11.2989
11.3288
11.359
11.3892
11.4198
11.4503
11.4812
11.5121
11.5433
11.5747
11.606
11.6377
11.6697
11.7019
11.7343
11.7668
11.7994
11.8323
11.8652
11.8988
11.9323
11.9659
12
12.0343
12.0685
12.1032
12.1379
12.1728
12.2079
12.2435
12.2791
12.3151
12.3514
12.3877
12.4241
12.4611
12.4982
12.5353
12.573
12.611
12.6495
12.6881
12.727
12.7659
12.8053
12.8451
12.8849
12.9252
12.9661
13.007
13.0477
13.0893
13.1314
13.1736
13.2165
13.2595
13.3026
13.3461
13.3901
13.4347
13.4795
13.5243
13.5697
13.6153
13.6617
13.7089
13.7561
13.8034
13.8509
13.8992
13.9481
13.997
14.0471
14.0969
14.1475
14.1986
14.2501
14.3022
14.3548
14.4079
14.4616
14.5152
14.57
14.6246
14.68
14.737
14.7938
14.8511
14.9083
14.9672
15.0263
15.086
15.1466
15.2085
15.2703
15.333
15.3963
15.4606
15.5254
15.5911
15.6579
15.7253
15.7933
15.863
15.9328
16.0032
16.0745
16.1472
16.2203
16.2941
16.3694
16.4455
16.5227
16.6008
16.6795
16.76
16.8418
16.924
17.0085
17.0948
17.1811
17.2687
17.3582
17.4481
17.5399
17.6318
17.7264
17.8231
17.9204
18.0206
18.1215
18.225
18.3297
18.4361
18.5442
18.6547
18.7669
18.8808
18.9966
19.1157
19.2357
19.3569
19.4817
19.609
19.7378
19.8703
20.0058
20.144
20.2844
20.4279
20.5756
20.7251
20.8781
21.0337
21.1937
21.3579
21.525
21.6973
21.8714
22.053
22.2375
22.4272
22.6191
22.8178
23.0217
23.2299
23.4451
23.6656
23.8916
24.1249
24.3633
24.6091
24.8614
25.1202
25.3871
25.6613
25.9446
26.2365
26.5375
26.851
27.1724
27.5051
27.8468
28.1998
28.5654
28.9414
29.3324
29.7357
30.154
30.5844
31.0326
31.4935
31.9721
32.4699
32.9857
33.5181
34.068
34.6383
35.2319
35.845
36.4824
37.1415
37.8147
38.5302
39.2737
40.0439
40.8391
41.6645
42.513
43.3844
44.2965
45.2397
46.2047
47.2064
48.232
49.3023
50.4089
51.5276
52.6856
53.875
55.0975
56.3539
57.6384
58.9579
60.326
61.7044
63.1215
64.5676
66.0613
67.572
69.1127
70.6823
72.28
73.9112
75.5756
77.2703
78.992
80.7622
82.5535
84.3684
86.1994
88.063
89.9478
91.8509
93.8091
95.764
97.7481
99.7654
101.83
103.926
106.023
108.152
110.305
112.481
114.696
116.936
119.203
121.481
123.792
126.137
128.493
130.871
133.286
135.717
138.164
140.668
143.196
145.784
148.374
150.961
153.571
156.22
158.9
161.595
164.353
167.129
169.908
172.734
175.621
178.508
181.416
184.349
187.338
190.325
193.325
196.373
199.427
202.543
205.689
208.836
212.04
215.276
218.538
221.844
225.18
228.546
231.926
235.341
238.766
242.232
245.704
249.252
252.828
256.423
260.07
263.712
267.419
271.179
274.963
278.792
282.617
286.507
290.415
294.389
298.367
302.353
306.422
310.53
314.663
318.836
323.037
327.3
331.603
335.918
340.293
344.709
349.184
353.664
358.158
362.721
367.347
371.996
376.696
381.441
386.239
391.081
395.912
400.803
405.77
410.755
415.761
420.844
425.982
431.199
436.415
441.714
447.029
452.418
457.844
463.311
468.845
474.47
480.112
485.802
491.522
497.336
503.174
509.074
515.054
521.083
527.206
533.373
539.602
545.855
552.193
558.604
565.059
571.615
578.286
584.924
591.686
598.51
605.478
612.452
619.521
626.698
633.844
641.068
648.443
655.854
663.405
671.054
678.842
686.659
694.587
702.578
710.61
718.802
727.036
735.362
743.825
752.445
761.143
769.961
778.869
787.975
797.164
806.437
815.828
825.383
835.095
844.961
854.982
865.217
875.576
886.245
897.087
908.179
919.578
931.114
942.901
955.165
967.794
980.769
994.242
1008.29
1022.78
1038.05
1053.93
1070.65
1088.56
1107.7
1128.26
1150.77
1175.65
1203.77
1236.09
1274.92
1324.06
1393.47
1520.43
