0.0982358
0.196316
0.295966
0.394339
0.493622
0.592718
0.691944
0.790844
0.889108
0.988376
1.08784
1.18705
1.28652
1.38665
1.48584
1.58667
1.68658
1.78668
1.88832
1.98911
2.08988
2.18994
2.29015
2.39021
2.49128
2.59283
2.69342
2.79499
2.89731
2.99862
3.10023
3.20068
3.30243
3.40397
3.50601
3.60828
3.71094
3.81343
3.9156
4.01821
4.12116
4.22436
4.32692
4.42956
4.53318
4.63707
4.74026
4.84375
4.94758
5.05211
5.15649
5.26013
5.36413
5.46884
5.57347
5.67738
5.78153
5.88544
5.99013
6.09448
6.19854
6.30406
6.40917
6.51358
6.61856
6.72408
6.82941
6.9344
7.04011
7.14546
7.2524
7.35914
7.46512
7.57148
7.6786
7.78549
7.8925
7.99876
8.10582
8.21299
8.31942
8.42623
8.53364
8.64104
8.74874
8.85656
8.96493
9.07209
9.18093
9.28923
9.39691
9.50515
9.61391
9.72207
9.83217
9.94094
10.0506
10.1597
10.269
10.3778
10.4873
10.5966
10.7064
10.8158
10.9259
11.0357
11.1471
11.2581
11.3687
11.4795
11.5904
11.701
11.8124
11.9237
12.0354
12.1465
12.2584
12.3699
12.4821
12.5935
12.7057
12.8181
12.9304
13.042
13.154
13.2662
13.3792
13.4924
13.6055
13.7191
13.8327
13.946
14.0597
14.1728
14.2869
14.4
14.5142
14.629
14.7436
14.8592
14.9733
15.0889
15.2044
15.3197
15.4344
15.5492
15.6637
15.7804
15.8966
16.013
16.1302
16.2454
16.3616
16.4789
16.5959
16.7128
16.8295
16.9466
17.0642
17.1814
17.2987
17.4167
17.5351
17.653
17.7702
17.8893
18.0073
18.1255
18.2443
18.3637
18.4825
18.6014
18.7205
18.8405
18.9602
19.0801
19.1994
19.3197
19.4409
19.5612
19.6817
19.8018
19.9221
20.0434
20.1646
20.2866
20.4078
20.53
20.6525
20.7751
20.8973
21.0192
21.1414
21.264
21.386
21.5088
21.6317
21.7543
21.8772
22.0002
22.125
22.2483
22.3721
22.4953
22.6194
22.7444
22.8695
22.9939
23.1188
23.2439
23.3689
23.495
23.6213
23.7467
23.8725
23.9975
24.1243
24.2509
24.3774
24.5039
24.6309
24.7586
24.8866
25.0126
25.1399
25.2666
25.3939
25.5213
25.6495
25.7788
25.906
26.0346
26.1639
26.2928
26.4234
26.5519
26.6817
26.8124
26.9423
27.0718
27.2018
27.3321
27.4636
27.5947
27.7254
27.8557
27.9873
28.1198
28.2503
28.3823
28.5153
28.6473
28.7796
28.9118
29.0431
29.176
29.308
29.4405
29.5744
29.7078
29.8427
29.9771
30.1106
30.2442
30.3792
30.5131
30.6481
30.783
30.9181
31.0535
31.1891
31.3254
31.4611
31.597
31.7328
31.8693
32.0063
32.1434
32.2813
32.4182
32.5558
32.6927
32.8306
32.9693
33.1071
33.2452
33.3843
33.5231
33.6627
33.8014
33.9412
34.0813
34.2212
34.3617
34.5019
34.6432
34.7844
34.9264
35.0678
35.2075
35.3499
35.4917
35.6333
35.7755
35.9181
36.0597
36.2032
36.3453
36.4885
36.6313
36.7752
36.9184
37.0621
37.2065
37.3509
37.496
37.6415
37.7869
37.9319
38.0761
38.2217
38.3693
38.5152
38.6622
38.8077
38.9539
39.1021
39.2487
39.3958
39.5435
39.6923
39.8406
39.9893
40.1382
40.2868
40.4352
40.5837
40.7339
40.8845
41.0334
41.1825
41.3333
41.4839
41.6346
41.7869
41.9382
42.09
42.2415
42.3956
42.5483
42.7023
42.8555
43.009
43.1615
43.316
43.4707
43.6246
43.7791
43.9332
44.0893
44.2448
44.4011
44.5564
44.7113
44.866
45.0209
45.1772
45.3348
45.4932
45.6505
45.808
45.9653
46.1231
46.2824
46.4419
46.6004
46.7584
46.9178
47.0772
47.2363
47.3965
47.5562
47.7185
47.8787
48.0399
48.2026
48.3643
48.5265
48.6889
48.851
49.0139
49.1772
49.3413
49.5052
49.6694
49.8346
49.9991
50.1643
50.3278
50.4938
50.6595
50.8258
50.9917
51.158
51.3233
51.4904
51.6569
51.8248
51.9919
52.1617
52.3306
52.4995
52.6683
52.8364
53.0061
53.1771
53.3471
53.5165
53.6877
53.859
54.0306
54.2025
54.3736
54.5455
54.719
54.8916
55.0653
55.2384
55.4125
55.5865
55.7612
55.9339
56.1098
56.2856
56.4608
56.6361
56.8134
56.9912
57.1667
57.3444
57.5229
57.7014
57.8809
58.0596
58.2388
58.418
58.5993
58.7796
58.9594
59.1408
59.3228
59.5047
59.6876
59.8713
60.0548
60.2374
60.4217
60.6045
60.7886
60.9721
61.1574
61.3444
61.5293
61.7156
61.9007
62.0854
62.2722
62.4587
62.6462
62.8329
63.0223
63.2113
63.4
63.5879
63.7767
63.9667
64.1556
64.3454
64.5353
64.7277
64.9191
65.1112
65.3034
65.4955
65.6888
65.8826
66.0737
66.2666
66.4629
66.6564
66.8513
67.0471
67.2436
67.4393
67.6353
67.8319
68.0286
68.2265
68.4252
68.6247
68.8246
69.0245
69.2265
69.4268
69.6269
69.827
70.0278
70.2302
70.4315
70.6353
70.8383
71.0451
71.2509
71.4542
71.6604
71.8648
72.0706
72.2749
72.4829
72.6906
72.8976
73.1062
73.3153
73.5252
73.7329
73.9415
74.1511
74.3625
74.5746
74.7858
74.998
75.2099
75.4222
75.6352
75.8492
76.0649
76.2828
76.4996
76.7158
76.9326
77.1503
77.3686
77.5875
77.807
78.0252
78.2441
78.4621
78.6827
78.903
79.1238
79.3441
79.5658
79.7896
80.013
80.2367
80.4614
80.6867
80.9131
81.1371
81.3628
81.5892
81.8148
82.0438
82.2705
82.4987
82.7271
82.9577
83.1892
83.4205
83.6535
83.885
84.118
84.3512
84.5864
84.8201
85.0549
85.2924
85.5301
85.7682
86.0052
86.2427
86.4831
86.7219
86.963
87.2011
87.444
87.6853
87.9277
88.1692
88.4128
88.6581
88.9015
89.1472
89.3933
89.6396
89.8875
90.1364
90.3852
90.6346
90.8826
91.1339
91.3864
91.6363
91.8901
92.144
92.4005
92.6533
92.9102
93.1665
93.424
93.6802
93.937
94.1946
94.4523
94.7127
94.9715
95.2312
95.4941
95.7575
96.0186
96.2826
96.5494
96.8149
97.0826
97.3484
97.6142
97.8813
98.1508
98.422
98.6937
98.9657
99.239
99.5114
99.7822
100.057
100.329
100.603
100.878
101.155
101.431
101.71
101.99
102.273
102.552
102.836
103.119
103.405
103.69
103.976
104.263
104.549
104.836
105.124
105.411
105.701
105.99
106.285
106.576
106.871
107.167
107.461
107.759
108.057
108.356
108.654
108.956
109.258
109.56
109.865
110.168
110.477
110.782
111.09
111.397
111.706
112.016
112.33
112.642
112.955
113.268
113.582
113.898
114.211
114.528
114.844
115.165
115.485
115.804
116.127
116.453
116.778
117.105
117.432
117.759
118.09
118.421
118.754
119.088
119.417
119.751
120.086
120.421
120.762
121.098
121.436
121.775
122.118
122.464
122.807
123.152
123.496
123.846
124.195
124.544
124.898
125.251
125.607
125.963
126.321
126.68
127.038
127.399
127.761
128.128
128.495
128.864
129.236
129.604
129.976
130.348
130.721
131.095
131.472
131.851
132.234
132.616
132.998
133.381
133.766
134.154
134.541
134.929
135.321
135.712
136.107
136.505
136.903
137.304
137.704
138.107
138.514
138.917
139.326
139.739
140.147
140.556
140.969
141.387
141.802
142.217
142.636
143.061
143.485
143.912
144.34
144.769
145.205
145.641
146.08
146.518
146.953
147.394
147.836
148.281
148.729
149.181
149.625
150.079
150.532
150.992
151.451
151.913
152.373
152.838
153.3
153.767
154.238
154.717
155.195
155.674
156.159
156.644
157.131
157.62
158.115
158.613
159.108
159.605
160.106
160.607
161.114
161.622
162.131
162.642
163.159
163.68
164.2
164.724
165.25
165.781
166.312
166.852
167.389
167.931
168.468
169.016
169.568
170.12
170.675
171.237
171.801
172.367
172.935
173.51
174.088
174.668
175.249
175.837
176.432
177.023
177.621
178.221
178.828
179.441
180.053
180.667
181.289
181.911
182.535
183.164
183.798
184.438
185.078
185.72
186.37
187.026
187.681
188.341
189.012
189.683
190.361
191.045
191.731
192.418
193.109
193.806
194.509
195.215
195.93
196.652
197.377
198.107
198.842
199.58
200.326
201.072
201.828
202.587
203.357
204.136
204.916
205.699
206.496
207.294
208.094
208.907
209.723
210.547
211.38
212.222
213.064
213.918
214.78
215.645
216.519
217.398
218.284
219.183
220.08
220.996
221.916
222.845
223.786
224.742
225.699
226.658
227.641
228.623
229.617
230.625
231.646
232.679
233.714
234.766
235.825
236.898
237.989
239.074
240.172
241.293
242.427
243.562
244.713
245.879
247.048
248.244
249.448
250.662
251.898
253.154
254.423
255.706
257.01
258.323
259.67
261.022
262.4
263.788
265.201
266.648
268.093
269.559
271.053
272.574
274.117
275.684
277.275
278.89
280.523
282.187
283.868
285.598
287.364
289.145
290.967
292.823
294.696
296.612
298.59
300.578
302.6
304.654
306.775
308.935
311.135
313.393
315.714
318.065
320.493
322.98
325.524
328.137
330.833
333.575
336.393
339.295
342.289
345.385
348.565
351.86
355.261
358.78
362.438
366.23
370.169
374.262
378.526
382.981
387.685
392.531
397.615
403.044
408.741
414.769
421.232
428.172
435.569
443.49
452.134
461.462
471.813
483.177
495.953
510.817
528.021
548.659
574.438
608.859
660.939
795.188
