11.9686
14.412
15.9785
17.1888
18.1928
19.0561
19.8164
20.5091
21.1501
21.7516
22.3058
22.8269
23.3189
23.7913
24.2433
24.6703
25.0814
25.4826
25.8716
26.2441
26.6047
26.9574
27.297
27.6325
27.957
28.2749
28.585
28.8866
29.1844
29.4748
29.7583
30.0384
30.3125
30.5813
30.8465
31.1082
31.3647
31.6169
31.8677
32.1122
32.3565
32.5983
32.8346
33.07
33.301
33.5288
33.7528
33.9751
34.1961
34.4132
34.6278
34.8405
35.052
35.263
35.4696
35.6753
35.877
36.0793
36.2788
36.477
36.6742
36.8694
37.0638
37.2537
37.4423
37.6312
37.8206
38.0052
38.1902
38.3723
38.554
38.7354
38.9161
39.0941
39.2727
39.4481
39.6227
39.7965
39.9681
40.1391
40.3095
40.4779
40.645
40.8129
40.9795
41.145
41.3107
41.4765
41.6398
41.8022
41.964
42.125
42.2849
42.446
42.6052
42.7637
42.9203
43.078
43.2344
43.3892
43.5432
43.6972
43.8499
44.0027
44.1545
44.3057
44.4576
44.6075
44.7574
44.9049
45.0525
45.1999
45.3474
45.4936
45.6403
45.7856
45.9304
46.0762
46.2211
46.3648
46.5078
46.651
46.7935
46.9359
47.0761
47.2176
47.3579
47.4978
47.6372
47.7767
47.9162
48.0543
48.1916
48.3306
48.4685
48.6043
48.7399
48.8764
49.0125
49.1469
49.2815
49.4171
49.551
49.6844
49.8184
49.9518
50.0856
50.2179
50.3507
50.4822
50.6142
50.7468
50.8784
51.0097
51.1403
51.2711
51.4007
51.5301
51.6605
51.7911
51.9195
52.048
52.1763
52.3034
52.4308
52.5585
52.6861
52.8124
52.9392
53.0659
53.1916
53.3181
53.4437
53.5676
53.6932
53.8191
53.9446
54.0697
54.1935
54.3187
54.4425
54.5661
54.6911
54.8148
54.9379
55.0609
55.1832
55.3051
55.4278
55.5502
55.6725
55.7938
55.9154
56.0372
56.1582
56.2797
56.4005
56.5217
56.6423
56.7626
56.8824
57.0015
57.1218
57.2416
57.3614
57.4807
57.5999
57.72
57.8393
57.9577
58.0767
58.1952
58.3141
58.4333
58.5511
58.67
58.7886
58.9064
59.0238
59.1412
59.2584
59.3762
59.4939
59.6117
59.7287
59.8455
59.9626
60.0792
60.1964
60.3131
60.4301
60.5465
60.6628
60.7779
60.8934
61.0087
61.1232
61.2387
61.3539
61.4701
61.586
61.7008
61.8155
61.9307
62.0468
62.1618
62.2769
62.3923
62.5072
62.6226
62.7384
62.8543
62.9687
63.0828
63.1966
63.3113
63.4261
63.5407
63.6543
63.7677
63.8816
63.996
64.1098
64.2238
64.337
64.4492
64.5628
64.6751
64.7884
64.9022
65.0159
65.1291
65.2424
65.3554
65.4684
65.5812
65.6937
65.8069
65.9201
66.0327
66.1451
66.2575
66.3704
66.4824
66.5949
66.7064
66.818
66.9301
67.0435
67.1556
67.2675
67.3793
67.4908
67.6032
67.7151
67.827
67.9388
68.051
68.1625
68.2743
68.3855
68.498
68.6098
68.7206
68.833
68.9456
69.0576
69.1694
69.2803
69.3916
69.5035
69.6154
69.7273
69.8389
69.9506
70.0617
70.1727
70.2844
70.3959
70.5084
70.6211
70.7316
70.843
70.9537
71.0641
71.1752
71.2867
71.3977
71.5093
71.6211
71.7333
71.8439
71.9561
72.0667
72.1781
72.2892
72.3996
72.5111
72.6228
72.7334
72.8451
72.9559
73.0672
73.178
73.2892
73.4004
73.5123
73.6237
73.735
73.8466
73.9584
74.0695
74.181
74.2918
74.4023
74.5136
74.6257
74.7369
74.8491
74.9611
75.073
75.1846
75.2955
75.4073
75.5179
75.6301
75.7416
75.8524
75.9636
76.0753
76.1871
76.2983
76.4102
76.5223
76.6337
76.7457
76.8572
76.9696
77.0817
77.1933
77.3042
77.4159
77.5282
77.6414
77.7531
77.866
77.9779
78.0895
78.2018
78.3141
78.4262
78.5388
78.6507
78.7627
78.8754
78.9889
79.1013
79.2133
79.3254
79.4379
79.5503
79.6646
79.7782
79.8913
80.0039
80.1169
80.2301
80.3425
80.4552
80.5685
80.6817
80.7944
80.9086
81.0217
81.1345
81.2473
81.3606
81.4747
81.5885
81.7026
81.8161
81.9309
82.0454
82.1594
82.2727
82.3876
82.5016
82.6157
82.7309
82.8458
82.9599
83.075
83.189
83.3033
83.4182
83.5325
83.6476
83.7622
83.8784
83.9935
84.1097
84.2254
84.3401
84.4554
84.5711
84.6859
84.8022
84.9176
85.0334
85.1492
85.2657
85.3815
85.4971
85.6132
85.7295
85.8454
85.9608
86.077
86.193
86.309
86.4244
86.5405
86.6574
86.7738
86.8904
87.0076
87.1241
87.2411
87.3578
87.4754
87.5922
87.7093
87.8273
87.9442
88.0623
88.1802
88.2985
88.4158
88.5338
88.6517
88.77
88.8882
89.0073
89.1269
89.2453
89.3647
89.4837
89.6018
89.7209
89.8405
89.9598
90.0791
90.1988
90.3184
90.4372
90.5578
90.6782
90.7988
90.9196
91.0404
91.161
91.2814
91.4026
91.5233
91.6436
91.765
91.8861
92.0069
92.1284
92.2499
92.3696
92.4914
92.6137
92.7356
92.857
92.9795
93.1006
93.223
93.3462
93.4687
93.5914
93.7138
93.8373
93.9599
94.0826
94.2067
94.3295
94.4531
94.5769
94.7
94.8244
94.9486
95.0729
95.1986
95.3231
95.4476
95.5713
95.6964
95.8214
95.9469
96.0731
96.1989
96.3251
96.4515
96.5774
96.7031
96.8299
96.9559
97.0832
97.2104
97.3386
97.4662
97.5929
97.7203
97.8475
97.9753
98.1032
98.2321
98.3612
98.4901
98.6181
98.7462
98.876
99.0059
99.1352
99.2645
99.3938
99.5236
99.6536
99.784
99.9152
100.045
100.176
100.307
100.438
100.568
100.7
100.831
100.964
101.096
101.228
101.361
101.494
101.626
101.759
101.891
102.025
102.159
102.294
102.429
102.562
102.696
102.831
102.965
103.1
103.236
103.371
103.506
103.642
103.777
103.914
104.049
104.185
104.322
104.459
104.596
104.733
104.87
105.007
105.147
105.285
105.423
105.561
105.699
105.839
105.98
106.12
106.259
106.398
106.539
106.679
106.819
106.961
107.102
107.244
107.385
107.528
107.672
107.814
107.955
108.097
108.241
108.386
108.531
108.673
108.818
108.963
109.109
109.255
109.4
109.546
109.693
109.839
109.986
110.132
110.278
110.427
110.575
110.723
110.871
111.021
111.172
111.32
111.47
111.62
111.771
111.92
112.071
112.222
112.374
112.524
112.675
112.827
112.981
113.134
113.287
113.439
113.593
113.747
113.902
114.057
114.212
114.368
114.524
114.68
114.836
114.994
115.15
115.307
115.466
115.624
115.784
115.942
116.101
116.26
116.422
116.581
116.742
116.904
117.065
117.226
117.39
117.552
117.716
117.879
118.043
118.207
118.372
118.537
118.702
118.867
119.032
119.197
119.364
119.532
119.699
119.865
120.035
120.204
120.371
120.542
120.711
120.882
121.054
121.228
121.4
121.573
121.746
121.921
122.095
122.268
122.443
122.618
122.795
122.971
123.146
123.324
123.502
123.68
123.859
124.038
124.218
124.4
124.58
124.761
124.943
125.125
125.308
125.491
125.674
125.859
126.046
126.232
126.418
126.605
126.794
126.982
127.171
127.361
127.551
127.74
127.931
128.124
128.314
128.505
128.698
128.892
129.088
129.284
129.48
129.679
129.875
130.073
130.271
130.47
130.668
130.87
131.07
131.271
131.474
131.677
131.882
132.088
132.292
132.499
132.706
132.913
133.12
133.33
133.539
133.749
133.961
134.172
134.385
134.599
134.813
135.028
135.246
135.463
135.68
135.898
136.117
136.337
136.558
136.781
137.005
137.227
137.451
137.675
137.902
138.129
138.357
138.586
138.816
139.047
139.279
139.512
139.747
139.982
140.22
140.457
140.693
140.934
141.174
141.416
141.66
141.902
142.144
142.389
142.637
142.884
143.135
143.387
143.639
143.891
144.143
144.397
144.653
144.91
145.168
145.428
145.688
145.953
146.218
146.483
146.75
147.019
147.289
147.559
147.834
148.106
148.381
148.659
148.939
149.221
149.505
149.787
150.072
150.357
150.647
150.939
151.23
151.524
151.817
152.114
152.409
152.711
153.013
153.318
153.625
153.932
154.243
154.555
154.868
155.183
155.499
155.819
156.139
156.462
156.789
157.118
157.451
157.78
158.115
158.454
158.791
159.129
159.475
159.817
160.165
160.516
160.871
161.224
161.585
161.95
162.315
162.685
163.058
163.431
163.806
164.186
164.572
164.958
165.347
165.738
166.135
166.535
166.936
167.339
167.745
168.159
168.577
168.998
169.424
169.853
170.285
170.727
171.169
171.616
172.067
172.524
172.981
173.448
173.916
174.39
174.866
175.35
175.838
176.334
176.831
177.338
177.852
178.371
178.897
179.426
179.964
180.502
181.049
181.606
182.172
182.745
183.323
183.906
184.499
185.1
185.712
186.33
186.957
187.594
188.239
188.898
189.567
190.24
190.937
191.644
192.359
193.084
193.824
194.577
195.342
196.124
196.914
197.722
198.553
199.404
200.257
201.137
202.035
202.954
203.899
204.863
205.853
206.869
207.91
208.979
210.074
211.21
212.359
213.564
214.796
216.057
217.368
218.734
220.125
221.581
223.099
224.676
226.321
228.046
229.834
231.716
233.694
235.775
237.974
240.323
242.81
245.473
248.353
251.467
254.865
258.617
262.735
267.382
272.713
278.964
286.451
295.877
308.474
327.768
366.316
