0.0734973
0.146841
0.220894
0.295071
0.370165
0.4447
0.519095
0.593818
0.668956
0.744714
0.819973
0.896086
0.972441
1.0492
1.12519
1.20202
1.27943
1.35696
1.4342
1.51222
1.59044
1.66876
1.74679
1.82511
1.90351
1.98353
2.06246
2.1426
2.22244
2.30247
2.38281
2.46311
2.54333
2.62411
2.70453
2.78567
2.86726
2.94818
3.02974
3.11214
3.19453
3.27694
3.35829
3.44102
3.52407
3.60667
3.68948
3.77265
3.85649
3.94079
4.02425
4.10835
4.19259
4.27698
4.36076
4.44534
4.53021
4.61495
4.70017
4.78558
4.8715
4.95713
5.04311
5.12898
5.21547
5.30175
5.38807
5.47532
5.56232
5.64971
5.73814
5.8248
5.91259
6.00006
6.08889
6.17682
6.26584
6.35429
6.4428
6.53258
6.62242
6.71095
6.80068
6.89083
6.98022
7.07063
7.16034
7.2508
7.34101
7.43166
7.52228
7.61344
7.70431
7.79513
7.88613
7.97654
8.06844
8.16153
8.25398
8.34591
8.43874
8.53229
8.62554
8.71931
8.81236
8.90547
8.99906
9.09278
9.18612
9.28029
9.37495
9.47058
9.56536
9.65971
9.75444
9.84941
9.94488
10.0403
10.1372
10.2339
10.3309
10.427
10.5237
10.6204
10.7177
10.8147
10.9122
11.01
11.1082
11.2076
11.3062
11.4049
11.5032
11.6018
11.7013
11.8003
11.8999
11.9992
12.0982
12.1985
12.2987
12.3991
12.4993
12.5999
12.7015
12.8016
12.9026
13.0046
13.1065
13.2084
13.3102
13.4118
13.5144
13.618
13.721
13.8244
13.9274
14.0303
14.1342
14.237
14.3405
14.4448
14.549
14.6538
14.758
14.8627
14.9673
15.073
15.1781
15.2836
15.3897
15.4953
15.6015
15.707
15.8136
15.9208
16.0279
16.1342
16.2421
16.3502
16.4576
16.5647
16.6724
16.7806
16.8885
16.9981
17.107
17.2153
17.3248
17.4342
17.5439
17.6551
17.7648
17.8753
17.9864
18.0966
18.2078
18.3195
18.4306
18.542
18.6537
18.7655
18.8785
18.9906
19.1034
19.2159
19.3304
19.4436
19.5568
19.6705
19.7846
19.8992
20.0133
20.1281
20.2433
20.3581
20.473
20.5887
20.7047
20.8204
20.9362
21.0524
21.1684
21.2855
21.402
21.5185
21.6359
21.7534
21.8712
21.9885
22.1071
22.2245
22.3423
22.4607
22.5788
22.6975
22.8162
22.9354
23.0555
23.1761
23.2965
23.4169
23.5376
23.6586
23.7805
23.9025
24.025
24.1463
24.2691
24.39
24.5135
24.6355
24.7581
24.8798
25.0038
25.1284
25.2525
25.3763
25.5001
25.625
25.749
25.8747
25.9995
26.1251
26.2509
26.3771
26.503
26.6297
26.7559
26.8827
27.0106
27.1378
27.2651
27.3925
27.521
27.6486
27.7775
27.9063
28.0357
28.1642
28.2945
28.4241
28.5541
28.6839
28.8126
28.9429
29.0732
29.2043
29.3366
29.468
29.5997
29.7317
29.8648
29.9974
30.1296
30.2624
30.3962
30.5307
30.6655
30.8005
30.935
31.0707
31.2062
31.3412
31.4764
31.6126
31.7493
31.8853
32.0225
32.1591
32.2963
32.4334
32.5712
32.7092
32.8476
32.9857
33.1246
33.2629
33.4022
33.5418
33.6804
33.8199
33.9591
34.099
34.2386
34.379
34.5197
34.6611
34.8036
34.9455
35.0879
35.2304
35.3724
35.5154
35.658
35.8022
35.9469
36.0918
36.2356
36.3816
36.5271
36.6718
36.8185
36.965
37.1104
37.2568
37.4039
37.5509
37.6983
37.845
37.9927
38.1416
38.2895
38.4392
38.5879
38.7385
38.8873
39.0385
39.1889
39.3397
39.4907
39.6423
39.7936
39.946
40.097
40.2504
40.4026
40.5553
40.7094
40.8624
41.0164
41.1707
41.3259
41.4805
41.636
41.7913
41.9473
42.1038
42.2612
42.4202
42.5774
42.7354
42.8921
43.0507
43.2081
43.368
43.5281
43.6884
43.8484
44.0088
44.1701
44.3311
44.4913
44.6523
44.8124
44.9751
45.1386
45.3014
45.4643
45.6278
45.7912
45.9552
46.1198
46.2847
46.4494
46.6152
46.7795
46.9452
47.1109
47.2773
47.444
47.6107
47.7786
47.9471
48.1139
48.2832
48.4507
48.6196
48.7882
48.9586
49.1301
49.3006
49.4728
49.6456
49.8183
49.9896
50.1609
50.3339
50.5068
50.6799
50.8525
51.028
51.2027
51.3784
51.5548
51.7297
51.9072
52.0849
52.2611
52.4385
52.6179
52.7965
52.9762
53.1571
53.3361
53.5146
53.6969
53.877
54.0563
54.2379
54.4217
54.6035
54.7874
54.9717
55.1553
55.3384
55.5221
55.7067
55.8934
56.0784
56.2644
56.451
56.6362
56.8224
57.0104
57.1983
57.3872
57.5756
57.7653
57.9542
58.1441
58.3359
58.5267
58.7178
58.9098
59.1009
59.2918
59.4845
59.6769
59.871
60.065
60.2603
60.4568
60.6513
60.8468
61.0443
61.2417
61.4388
61.637
61.8356
62.0351
62.2342
62.4347
62.6351
62.8359
63.0369
63.2385
63.4401
63.6438
63.8476
64.0507
64.2547
64.459
64.6632
64.8688
65.0757
65.2856
65.4926
65.6988
65.9056
66.1153
66.326
66.5365
66.7467
66.956
67.1662
67.3757
67.5869
67.7986
68.0113
68.2233
68.4371
68.6507
68.8652
69.0819
69.2976
69.513
69.7315
69.9485
70.1658
70.3833
70.6045
70.8255
71.0462
71.2675
71.4886
71.7101
71.9324
72.156
72.3802
72.6059
72.8321
73.0574
73.2842
73.5101
73.7359
73.9635
74.1922
74.4214
74.6522
74.8822
75.112
75.3437
75.5742
75.8069
76.0404
76.2749
76.5091
76.7439
76.9788
77.2152
77.4524
77.6871
77.9241
78.1609
78.4005
78.6413
78.8809
79.1208
79.3627
79.6066
79.8483
80.0927
80.3352
80.5795
80.8235
81.0714
81.3187
81.5677
81.8151
82.0622
82.3111
82.5591
82.8097
83.0588
83.3125
83.5638
83.8172
84.0731
84.3268
84.5802
84.8376
85.0952
85.3526
85.6098
85.8693
86.1294
86.3909
86.6518
86.9153
87.1775
87.4408
87.7027
87.9692
88.2336
88.4997
88.767
89.0376
89.3081
89.5772
89.8465
90.1174
90.3891
90.66
90.9323
91.2057
91.4818
91.7561
92.0313
92.3068
92.5848
92.8638
93.1428
93.4231
93.7031
93.9864
94.269
94.5489
94.8322
95.1174
95.4051
95.6911
95.9776
96.2682
96.5576
96.8474
97.1409
97.4323
97.7274
98.0196
98.3144
98.6085
98.9043
99.2024
99.4992
99.7989
100.099
100.403
100.706
101.01
101.314
101.619
101.922
102.23
102.536
102.846
103.156
103.468
103.78
104.094
104.408
104.719
105.035
105.353
105.672
105.99
106.307
106.627
106.947
107.271
107.594
107.918
108.245
108.569
108.897
109.226
109.56
109.89
110.226
110.56
110.895
111.232
111.572
111.913
112.253
112.595
112.938
113.282
113.627
113.972
114.32
114.667
115.014
115.363
115.717
116.068
116.422
116.779
117.138
117.494
117.855
118.214
118.578
118.942
119.306
119.672
120.041
120.408
120.778
121.148
121.521
121.899
122.279
122.657
123.036
123.414
123.792
124.177
124.561
124.945
125.335
125.725
126.116
126.505
126.901
127.295
127.693
128.092
128.492
128.893
129.293
129.696
130.1
130.506
130.915
131.328
131.744
132.157
132.573
132.989
133.41
133.828
134.251
134.676
135.1
135.524
135.957
136.39
136.824
137.261
137.696
138.136
138.573
139.017
139.464
139.912
140.362
140.814
141.266
141.722
142.175
142.634
143.094
143.559
144.023
144.491
144.957
145.427
145.9
146.378
146.851
147.334
147.813
148.3
148.787
149.277
149.766
150.263
150.761
151.261
151.76
152.26
152.765
153.275
153.788
154.303
154.818
155.336
155.858
156.385
156.908
157.44
157.97
158.504
159.039
159.582
160.125
160.666
161.214
161.761
162.313
162.868
163.426
163.988
164.556
165.123
165.697
166.273
166.854
167.434
168.016
168.608
169.194
169.789
170.385
170.982
171.583
172.19
172.804
173.411
174.029
174.651
175.275
175.896
176.529
177.162
177.802
178.444
179.093
179.749
180.4
181.058
181.728
182.394
183.063
183.739
184.421
185.11
185.801
186.494
187.196
187.899
188.61
189.32
190.04
190.757
191.49
192.221
192.955
193.699
194.447
195.198
195.96
196.718
197.493
198.267
199.044
199.829
200.621
201.421
202.226
203.036
203.851
204.672
205.496
206.328
207.167
208.007
208.858
209.718
210.589
211.454
212.339
213.223
214.114
215.008
215.923
216.851
217.777
218.701
219.643
220.594
221.547
222.514
223.479
224.466
225.449
226.448
227.46
228.479
229.506
230.546
231.597
232.656
233.718
234.803
235.889
236.988
238.104
239.226
240.354
241.485
242.641
243.804
244.993
246.18
247.396
248.608
249.839
251.074
252.345
253.635
254.917
256.218
257.525
258.863
260.202
261.577
262.959
264.352
265.763
267.2
268.653
270.138
271.65
273.163
274.711
276.274
277.857
279.453
281.079
282.745
284.433
286.15
287.892
289.65
291.442
293.261
295.103
296.988
298.905
300.838
302.818
304.822
306.857
308.942
311.063
313.215
315.421
317.661
319.955
322.305
324.688
327.138
329.623
332.179
334.782
337.467
340.186
342.985
345.864
348.815
351.856
354.953
358.147
361.453
364.84
368.366
371.991
375.705
379.573
383.548
387.682
391.951
396.426
401.107
405.904
410.931
416.183
421.674
427.505
433.584
439.956
446.727
453.96
461.708
469.977
478.941
488.691
499.224
510.948
523.944
538.637
555.502
574.931
598.478
627.889
667.708
728.184
871.051
