0.13745
0.168072
0.187714
0.203098
0.215965
0.227156
0.237182
0.246417
0.254819
0.262658
0.270039
0.277037
0.283714
0.290091
0.296213
0.302089
0.307781
0.313281
0.318617
0.323802
0.328822
0.333777
0.338595
0.343313
0.347853
0.352353
0.356743
0.361063
0.365294
0.369437
0.373538
0.37754
0.381505
0.385448
0.389293
0.393079
0.396814
0.400549
0.404191
0.407805
0.411365
0.414885
0.418386
0.42185
0.425281
0.42869
0.432032
0.435374
0.43869
0.441969
0.445235
0.448443
0.451655
0.454805
0.457965
0.461052
0.464174
0.467241
0.470331
0.473362
0.476379
0.479396
0.482376
0.485357
0.488311
0.491251
0.494137
0.497053
0.499924
0.502813
0.505693
0.508522
0.511362
0.514178
0.516962
0.519762
0.522549
0.525343
0.528087
0.530835
0.533558
0.536253
0.538969
0.541672
0.544359
0.547033
0.549718
0.552412
0.555057
0.557701
0.560351
0.562981
0.565601
0.56821
0.570803
0.573413
0.576029
0.578628
0.581194
0.583771
0.586349
0.588941
0.591481
0.594036
0.596585
0.59912
0.601645
0.604153
0.606709
0.609217
0.611723
0.614231
0.616717
0.619219
0.621708
0.624212
0.626699
0.62918
0.631658
0.634135
0.636601
0.639062
0.641534
0.643987
0.646454
0.648921
0.651376
0.653824
0.656288
0.65875
0.661199
0.663629
0.666094
0.668529
0.670962
0.673393
0.675841
0.678279
0.680713
0.683149
0.685581
0.687997
0.690425
0.692853
0.69527
0.697676
0.700079
0.702497
0.70492
0.707312
0.709733
0.71211
0.714542
0.716962
0.71937
0.721785
0.724216
0.72665
0.729079
0.731489
0.73387
0.736249
0.73867
0.741054
0.743449
0.745881
0.748279
0.750708
0.753103
0.755512
0.757919
0.760328
0.762754
0.765157
0.767546
0.769964
0.772366
0.774786
0.777167
0.77957
0.781998
0.784421
0.786838
0.789242
0.791654
0.794071
0.796487
0.798904
0.801332
0.80375
0.806172
0.808609
0.811049
0.813478
0.815912
0.818347
0.820784
0.823235
0.825687
0.828135
0.830585
0.83303
0.835481
0.837939
0.840387
0.842855
0.845313
0.847789
0.85026
0.852737
0.855219
0.857703
0.860188
0.862663
0.865129
0.86764
0.870129
0.872623
0.875142
0.877624
0.880101
0.882594
0.885124
0.887627
0.890144
0.892663
0.895183
0.897732
0.900247
0.90279
0.905332
0.907871
0.910405
0.912977
0.915538
0.918107
0.920676
0.923247
0.925813
0.928395
0.930998
0.933584
0.93617
0.938752
0.941337
0.943922
0.946515
0.949114
0.951716
0.954331
0.956948
0.95959
0.962223
0.964879
0.967537
0.97018
0.972816
0.97548
0.978154
0.980815
0.983494
0.986189
0.988885
0.991571
0.994296
0.997018
0.999708
1.00242
1.00517
1.0079
1.01065
1.01345
1.01619
1.01896
1.02173
1.02451
1.0273
1.03011
1.03291
1.03573
1.03858
1.04142
1.04426
1.04711
1.04995
1.0528
1.05565
1.05855
1.06144
1.0643
1.06719
1.07008
1.07298
1.0759
1.07882
1.08179
1.08475
1.0877
1.09064
1.09363
1.0966
1.09959
1.10258
1.10559
1.10858
1.11157
1.11461
1.11765
1.12068
1.12374
1.12682
1.12988
1.13297
1.13608
1.13917
1.14229
1.14541
1.14855
1.15168
1.15482
1.15797
1.1612
1.16439
1.16764
1.17083
1.17404
1.17728
1.18057
1.1838
1.18707
1.19037
1.19365
1.19697
1.20029
1.20365
1.207
1.21038
1.21379
1.21717
1.22058
1.22399
1.22741
1.23086
1.23434
1.23782
1.2413
1.24481
1.24835
1.25187
1.25539
1.25901
1.26257
1.26615
1.26976
1.2734
1.27705
1.28071
1.28437
1.28807
1.29178
1.29551
1.29924
1.30301
1.30678
1.31058
1.3144
1.31822
1.32206
1.32594
1.32983
1.33374
1.33767
1.34164
1.34559
1.34958
1.35358
1.35761
1.36166
1.36574
1.36985
1.37394
1.3781
1.38224
1.38641
1.39061
1.39483
1.39907
1.40333
1.4076
1.41189
1.41622
1.42055
1.42493
1.42934
1.43376
1.43827
1.44271
1.44725
1.45177
1.45631
1.46088
1.46548
1.47015
1.47482
1.47948
1.48424
1.48899
1.49374
1.49851
1.50336
1.50826
1.51313
1.51799
1.52294
1.52793
1.53294
1.53797
1.54305
1.54816
1.55327
1.55842
1.56358
1.56881
1.57404
1.57931
1.58464
1.59004
1.59543
1.6009
1.60641
1.61188
1.6174
1.62297
1.62856
1.63423
1.63998
1.64571
1.65147
1.65729
1.66313
1.66906
1.67503
1.68102
1.68703
1.6931
1.69917
1.70535
1.71157
1.71785
1.72415
1.73049
1.73685
1.74333
1.74981
1.75635
1.76289
1.76954
1.77626
1.78295
1.78972
1.79652
1.80348
1.81039
1.81737
1.82443
1.83158
1.8388
1.84597
1.85325
1.86052
1.86791
1.8754
1.8829
1.89045
1.89814
1.90582
1.91351
1.92131
1.92913
1.93696
1.94494
1.95299
1.96109
1.96929
1.97755
1.98584
1.99424
2.00275
2.01127
2.01981
2.02841
2.0371
2.04588
2.05484
2.06382
2.07293
2.08209
2.09129
2.10063
2.10995
2.11949
2.12906
2.13863
2.14839
2.15817
2.16813
2.17808
2.18816
2.19827
2.20853
2.21891
2.22934
2.23989
2.25061
2.26142
2.27227
2.28323
2.29426
2.30543
2.3167
2.32796
2.33942
2.351
2.36272
2.37452
2.38643
2.39845
2.41063
2.42296
2.43533
2.44792
2.46053
2.47343
2.48636
2.49948
2.51264
2.52603
2.53948
2.55301
2.56677
2.58058
2.59451
2.60855
2.62284
2.63741
2.652
2.66661
2.68152
2.69662
2.71186
2.72719
2.74271
2.75851
2.77434
2.79043
2.80686
2.82334
2.83992
2.85669
2.87364
2.89093
2.90828
2.92583
2.9436
2.96149
2.97972
2.99819
3.01663
3.03544
3.0544
3.07362
3.09327
3.11313
3.13303
3.15316
3.17363
3.19414
3.21517
3.23631
3.25789
3.2798
3.30194
3.32423
3.3468
3.36961
3.39283
3.41621
3.44008
3.46426
3.48866
3.51312
3.53802
3.5634
3.58904
3.61518
3.64155
3.66845
3.69586
3.72339
3.75119
3.77944
3.80784
3.83705
3.86633
3.89604
3.92635
3.95708
3.98852
4.02023
4.05265
4.0851
4.11829
4.1519
4.18601
4.22075
4.25572
4.2912
4.32739
4.3641
4.40153
4.43966
4.47813
4.51721
4.55717
4.59777
4.63901
4.68106
4.72333
4.76637
4.81059
4.85523
4.90061
4.94696
4.9939
5.0413
5.08986
5.13903
5.18903
5.23968
5.29117
5.34367
5.3972
5.45152
5.50723
5.56428
5.62211
5.68078
5.74047
5.80163
5.86343
5.92689
5.99098
6.05677
6.12362
6.19176
6.26141
6.3318
6.40404
6.47689
6.55176
6.62831
6.70654
6.78598
6.86666
6.95007
7.03536
7.12169
7.21016
7.29999
7.39149
7.48523
7.58004
7.67704
7.77639
7.87713
7.98115
8.08681
8.19521
8.30596
8.41889
8.53461
8.65216
8.77287
8.89675
9.0225
9.15154
9.28379
9.41865
9.55707
9.6984
9.843
9.99145
10.1444
10.2998
10.458
10.6194
10.7871
10.9558
11.1299
11.3085
11.4911
11.6788
11.8705
12.0685
12.2688
12.477
12.6895
12.9076
13.1302
13.3569
13.5917
13.8321
14.079
14.3306
14.5891
14.8551
15.1268
15.4058
15.6864
15.9795
16.2788
16.5856
16.9017
17.2244
17.5539
17.8923
18.2395
18.5945
18.959
19.3353
19.7221
20.1193
20.5231
20.9394
21.3626
21.7989
22.2424
22.6996
23.1681
23.6449
24.1333
24.6309
25.1458
25.6762
26.2118
26.7667
27.3267
27.9053
28.4979
29.1002
29.7154
30.351
31.0011
31.6632
32.3368
33.0307
33.7406
34.4604
35.2022
35.9548
36.7308
37.5086
38.3089
39.1289
39.9644
40.818
41.6899
42.5756
43.4796
44.4041
45.3465
46.306
47.2889
48.2876
49.2979
50.337
51.3965
52.4718
53.5723
54.6786
55.8113
56.9642
58.1352
59.3373
60.5433
61.773
63.0256
64.304
65.5987
66.9128
68.2495
69.611
70.9823
72.3849
73.8193
75.2439
76.7094
78.1977
79.7183
81.2494
82.8059
84.388
86.005
87.6341
89.2817
90.963
92.6789
94.3976
96.1305
97.8891
99.6855
101.493
103.343
105.177
107.059
108.974
110.902
112.865
114.841
116.845
118.885
120.939
123.032
125.136
127.3
129.469
131.642
133.871
136.126
138.406
140.703
143.03
145.357
147.744
150.159
152.593
155.065
157.58
160.104
162.671
165.241
167.845
170.494
173.159
175.859
178.559
181.316
184.095
186.914
189.8
192.691
195.604
198.551
201.505
204.501
207.523
210.6
213.707
216.833
220.03
223.239
226.474
229.737
233.042
236.374
239.735
243.126
246.564
250.049
253.557
257.1
260.713
264.3
267.956
271.641
275.368
279.128
282.925
286.762
290.669
294.598
298.557
302.54
306.587
310.66
314.804
318.954
323.155
327.382
331.691
336.019
340.419
344.828
349.301
353.774
358.353
362.951
367.624
372.297
377.045
381.831
386.632
391.484
396.393
401.388
406.437
411.512
416.654
421.838
427.063
432.32
437.613
443.015
448.431
453.933
459.496
465.086
470.718
476.422
482.243
488.042
493.924
499.882
505.85
511.88
518.012
524.202
530.465
536.77
543.141
549.604
556.081
562.727
569.361
576.102
582.935
589.836
596.804
603.843
610.902
618.09
625.31
632.613
640.04
647.545
655.173
662.82
670.541
678.394
686.349
694.376
702.511
710.7
719.025
727.427
736.005
744.71
753.46
762.345
771.349
780.473
789.616
798.959
808.491
818.111
827.835
837.712
847.77
857.916
868.134
878.641
889.306
900.162
911.174
922.467
933.863
945.616
957.553
969.94
982.462
995.39
1008.73
1022.49
1036.8
1051.56
1066.93
1082.96
1099.73
1117.41
1136.2
1156.37
1178
1201.58
1227.68
1257.12
1291.07
1331.8
1383.56
1456.84
1591.67
