0.0402398
0.0805602
0.121015
0.161609
0.202661
0.243314
0.284258
0.325113
0.366294
0.407936
0.449605
0.491114
0.533065
0.575294
0.617157
0.659602
0.701737
0.744116
0.786386
0.828916
0.871718
0.914742
0.958149
1.00111
1.04433
1.08802
1.13172
1.17536
1.2192
1.26315
1.30786
1.35217
1.39649
1.44101
1.48581
1.53101
1.57574
1.62104
1.6663
1.71189
1.75713
1.80304
1.84882
1.89501
1.94045
1.98689
2.03357
2.0804
2.12696
2.17325
2.22002
2.26679
2.31387
2.36097
2.40829
2.45557
2.5033
2.5515
2.59932
2.64702
2.69486
2.74302
2.79101
2.83947
2.88776
2.93608
2.98515
3.03428
3.08377
3.13345
3.18239
3.23194
3.28183
3.33136
3.38172
3.4319
3.48184
3.53257
3.58324
3.63379
3.68499
3.73581
3.78699
3.83818
3.88978
3.9415
3.99321
4.04515
4.09749
4.14945
4.20165
4.25417
4.30629
4.35948
4.41248
4.46525
4.51883
4.57208
4.62568
4.67904
4.73314
4.78724
4.84115
4.89594
4.95025
5.00514
5.05994
5.11529
5.17068
5.22535
5.28049
5.33564
5.39105
5.44682
5.50247
5.55877
5.61537
5.67123
5.72759
5.78394
5.84037
5.89716
5.95432
6.01168
6.06905
6.12612
6.1838
6.24155
6.29956
6.35709
6.41515
6.47368
6.53201
6.5909
6.64981
6.70879
6.76758
6.82716
6.88653
6.94581
7.00562
7.06564
7.12601
7.1864
7.24611
7.30675
7.36732
7.42842
7.48968
7.55082
7.6121
7.67401
7.73585
7.79736
7.85898
7.92175
7.98348
8.04644
8.10939
8.17191
8.23377
8.29697
8.3605
8.42372
8.48707
8.55084
8.61495
8.67889
8.74349
8.80831
8.87286
8.93765
9.003
9.06775
9.13346
9.19958
9.26574
9.33141
9.39744
9.46376
9.5305
9.59693
9.66364
9.73067
9.79761
9.86527
9.93299
10.0006
10.0687
10.1361
10.2043
10.2734
10.3417
10.4107
10.4797
10.5493
10.6186
10.6884
10.7583
10.8283
10.8985
10.9691
11.0398
11.1101
11.1808
11.2519
11.3232
11.3943
11.4657
11.5364
11.6087
11.6806
11.753
11.8256
11.8985
11.9713
12.0446
12.1172
12.1906
12.2637
12.3377
12.4121
12.4866
12.5612
12.6356
12.7101
12.785
12.8602
12.9358
13.0103
13.0864
13.1626
13.2393
13.3162
13.3933
13.4701
13.5471
13.6244
13.7023
13.7803
13.8577
13.9363
14.0145
14.0937
14.1728
14.2521
14.3306
14.4102
14.4905
14.571
14.6511
14.7315
14.8126
14.8937
14.9748
15.0557
15.1374
15.219
15.3008
15.3831
15.4656
15.5481
15.6302
15.7132
15.7962
15.8796
15.9631
16.0469
16.1314
16.216
16.301
16.3854
16.4708
16.5571
16.6429
16.7288
16.8149
16.9017
16.9885
17.0746
17.1618
17.2501
17.3376
17.4247
17.5123
17.6008
17.6892
17.7779
17.867
17.9561
18.0459
18.1357
18.2251
18.3152
18.4058
18.4961
18.5871
18.6787
18.7706
18.8625
18.9537
19.046
19.1377
19.2311
19.3234
19.4168
19.511
19.6047
19.6988
19.7934
19.8881
19.9819
20.0778
20.1734
20.2696
20.3663
20.4619
20.5583
20.6555
20.7517
20.8496
20.9476
21.0453
21.1435
21.241
21.3386
21.4382
21.5373
21.6364
21.7363
21.8367
21.9369
22.0371
22.1379
22.2401
22.3419
22.4431
22.5454
22.6472
22.75
22.8527
22.9567
23.0597
23.1631
23.2661
23.3697
23.4743
23.5791
23.6847
23.7905
23.8968
24.0024
24.1081
24.2146
24.322
24.4309
24.5379
24.6472
24.7559
24.8654
24.9749
25.0845
25.1944
25.3052
25.4153
25.5254
25.6357
25.747
25.858
25.9696
26.0819
26.1946
26.3072
26.42
26.5341
26.648
26.7632
26.8779
26.9926
27.1084
27.2245
27.3407
27.4573
27.5742
27.6923
27.8085
27.9258
28.044
28.162
28.2813
28.3998
28.5196
28.6393
28.7606
28.8818
29.0023
29.124
29.246
29.3684
29.4925
29.6146
29.7383
29.8619
29.9856
30.1091
30.2336
30.3588
30.4844
30.61
30.7366
30.8632
30.9899
31.1184
31.2468
31.3753
31.5044
31.6336
31.7628
31.893
32.0235
32.1546
32.2859
32.4176
32.5482
32.6812
32.815
32.9481
33.082
33.2156
33.3493
33.4848
33.6198
33.7556
33.8915
34.027
34.1628
34.3001
34.4375
34.5759
34.7152
34.8536
34.9932
35.1326
35.2725
35.414
35.5548
35.6977
35.8396
35.9839
36.1269
36.2702
36.4145
36.5594
36.7046
36.8496
36.9951
37.1405
37.2878
37.4356
37.5832
37.73
37.878
38.0279
38.1772
38.3284
38.4793
38.6305
38.7821
38.9347
39.0858
39.2389
39.3932
39.5468
39.7021
39.8578
40.0126
40.1679
40.3258
40.4827
40.6406
40.7993
40.9594
41.1196
41.2816
41.4422
41.604
41.7647
41.9261
42.0896
42.2535
42.4176
42.5831
42.7479
42.9136
43.0791
43.2447
43.4112
43.5796
43.7495
43.9194
44.0889
44.2587
44.4303
44.6027
44.7744
44.9454
45.1175
45.291
45.4651
45.6412
45.8169
45.9935
46.1703
46.3485
46.5257
46.7046
46.8848
47.0654
47.2461
47.4282
47.6106
47.7938
47.9769
48.1599
48.3444
48.5294
48.7154
48.9031
49.0921
49.2796
49.4687
49.6579
49.8454
50.0373
50.2288
50.4227
50.6157
50.8077
51.0033
51.1983
51.3949
51.5899
51.7859
51.9846
52.1832
52.3828
52.5813
52.7812
52.9816
53.1851
53.39
53.5926
53.7974
54.0006
54.2067
54.4138
54.6223
54.8289
55.0373
55.2468
55.4572
55.6696
55.8813
56.0954
56.3083
56.5228
56.7369
56.9549
57.1717
57.3907
57.6103
57.8278
58.0503
58.2707
58.4925
58.7136
58.9403
59.1656
59.3934
59.6199
59.8467
60.0748
60.3046
60.5346
60.766
60.9984
61.2324
61.4648
61.7026
61.9356
62.1716
62.4091
62.6489
62.89
63.1301
63.3723
63.6146
63.8568
64.1011
64.3459
64.5906
64.8395
65.0876
65.3376
65.5896
65.8436
66.0967
66.3513
66.607
66.8619
67.1186
67.3765
67.6366
67.896
68.1585
68.4204
68.685
68.9485
69.2151
69.4812
69.7494
70.0165
70.2897
70.5587
70.8322
71.1047
71.3797
71.6543
71.9314
72.2095
72.4888
72.7712
73.0531
73.3392
73.6261
73.9124
74.1979
74.4818
74.774
75.0656
75.3573
75.6504
75.9433
76.2391
76.5373
76.8348
77.1332
77.4342
77.7379
78.0398
78.3446
78.6512
78.959
79.269
79.5791
79.8923
80.2041
80.5196
80.8353
81.153
81.47
81.7892
82.1118
82.4348
82.7582
83.0855
83.4137
83.7457
84.0808
84.4182
84.7578
85.0946
85.4339
85.7733
86.1144
86.4577
86.7996
87.148
87.4982
87.8476
88.2006
88.5535
88.9078
89.2661
89.6253
89.9852
90.3491
90.7122
91.0775
91.4461
91.8181
92.19
92.5669
92.9402
93.3168
93.693
94.0716
94.4502
94.8361
95.2172
95.6046
95.9959
96.3845
96.778
97.1753
97.5732
97.9719
98.3717
98.7792
99.1882
99.5977
100.01
100.424
100.842
101.261
101.682
102.107
102.534
102.964
103.39
103.825
104.262
104.697
105.132
105.571
106.016
106.462
106.91
107.36
107.815
108.275
108.736
109.198
109.666
110.131
110.602
111.073
111.551
112.031
112.509
112.993
113.482
113.966
114.456
114.953
115.446
115.952
116.452
116.96
117.468
117.982
118.497
119.014
119.54
120.065
120.593
121.124
121.657
122.196
122.738
123.285
123.832
124.38
124.933
125.489
126.047
126.609
127.175
127.748
128.318
128.898
129.482
130.068
130.658
131.254
131.859
132.462
133.067
133.677
134.295
134.914
135.535
136.164
136.794
137.434
138.071
138.713
139.363
140.014
140.667
141.335
142.008
142.683
143.363
144.038
144.725
145.414
146.107
146.804
147.511
148.223
148.938
149.661
150.384
151.11
151.842
152.589
153.333
154.084
154.842
155.602
156.363
157.135
157.917
158.705
159.496
160.288
161.094
161.903
162.723
163.544
164.373
165.215
166.062
166.904
167.762
168.623
169.5
170.375
171.258
172.147
173.041
173.939
174.854
175.774
176.703
177.645
178.595
179.557
180.52
181.486
182.461
183.451
184.445
185.448
186.457
187.474
188.505
189.543
190.588
191.646
192.72
193.79
194.883
195.982
197.084
198.197
199.333
200.461
201.623
202.786
203.95
205.135
206.33
207.543
208.758
209.985
211.236
212.503
213.776
215.058
216.348
217.663
218.989
220.333
221.685
223.062
224.437
225.829
227.231
228.663
230.109
231.559
233.046
234.534
236.036
237.55
239.073
240.637
242.211
243.815
245.434
247.07
248.708
250.373
252.061
253.768
255.498
257.253
259.02
260.822
262.646
264.494
266.352
268.253
270.172
272.124
274.082
276.084
278.124
280.2
282.271
284.376
286.486
288.653
290.874
293.121
295.396
297.708
300.044
302.426
304.817
307.271
309.773
312.308
314.891
317.523
320.182
322.875
325.616
328.431
331.279
334.166
337.114
340.093
343.121
346.22
349.385
352.633
355.902
359.276
362.718
366.2
369.756
373.41
377.151
380.895
384.749
388.714
392.774
396.903
401.159
405.487
409.928
414.507
419.225
424.03
428.961
433.997
439.193
444.548
450.02
455.694
461.524
467.501
473.704
480.134
486.742
493.583
500.701
508.034
515.715
523.667
531.881
540.472
549.444
558.794
568.621
578.975
589.853
601.337
613.347
626.093
639.694
654.239
669.817
686.606
704.503
724.204
745.649
769.303
795.738
825.754
860.126
900.201
948.806
1010.08
1092.72
1218.78
1493.55
