0.0995703
0.198756
0.298475
0.397746
0.496983
0.596492
0.69641
0.795812
0.896231
0.996136
1.09559
1.19681
1.29686
1.39739
1.49768
1.59865
1.69915
1.80073
1.9009
2.00175
2.10338
2.20489
2.30631
2.40807
2.50932
2.611
2.71353
2.81576
2.91816
3.02008
3.12193
3.22381
3.32625
3.42889
3.53195
3.63524
3.73834
3.84155
3.94462
4.04835
4.1512
4.25356
4.3558
4.46036
4.56368
4.66786
4.77149
4.87672
4.98139
5.08454
5.19017
5.29497
5.39951
5.5048
5.6093
5.71526
5.82001
5.9254
6.03089
6.13614
6.24116
6.34692
6.45311
6.55851
6.66502
6.77125
6.87812
6.9838
7.0912
7.19751
7.30472
7.41029
7.51731
7.62478
7.73229
7.84039
7.94757
8.05553
8.1637
8.27125
8.37903
8.48728
8.59568
8.70417
8.81307
8.92157
9.03015
9.13951
9.24857
9.35734
9.46657
9.57568
9.68531
9.79471
9.90346
10.0132
10.1227
10.2321
10.3416
10.4515
10.5618
10.6724
10.7822
10.8931
11.0043
11.1148
11.2259
11.3373
11.4491
11.5599
11.6719
11.7832
11.8946
12.0064
12.1194
12.2317
12.344
12.4557
12.5679
12.6807
12.7936
12.9062
13.0187
13.1322
13.2457
13.3589
13.4713
13.5849
13.6992
13.8144
13.9285
14.0426
14.1573
14.272
14.3881
14.5024
14.6176
14.7324
14.8468
14.9615
15.0767
15.1908
15.3063
15.4225
15.5394
15.6551
15.7705
15.8877
16.0043
16.1209
16.2388
16.3549
16.4723
16.5911
16.7082
16.8264
16.9437
17.0611
17.1787
17.2972
17.4152
17.5344
17.6532
17.7716
17.8904
18.0087
18.1277
18.2472
18.3667
18.4856
18.6059
18.725
18.8451
18.9647
19.0852
19.2054
19.3264
19.4462
19.5682
19.6887
19.8096
19.9314
20.0534
20.1746
20.2968
20.4187
20.5409
20.6637
20.7875
20.9099
21.0335
21.1565
21.2787
21.4025
21.5255
21.6491
21.7724
21.8955
22.0182
22.1422
22.2662
22.3889
22.5135
22.6386
22.763
22.8889
23.0138
23.1386
23.2647
23.3906
23.5177
23.6433
23.7688
23.8963
24.0217
24.1479
24.2755
24.4024
24.531
24.6583
24.7858
24.914
25.0426
25.171
25.2994
25.4273
25.5562
25.6844
25.813
25.9418
26.0699
26.1987
26.328
26.4586
26.5888
26.7188
26.8487
26.9791
27.1099
27.2413
27.3736
27.5044
27.6338
27.767
27.8977
28.0295
28.1618
28.2933
28.4259
28.5583
28.6907
28.823
28.956
29.0891
29.2219
29.3558
29.4894
29.6224
29.756
29.8907
30.0266
30.1609
30.2954
30.4314
30.5664
30.7023
30.8363
30.9717
31.1079
31.2432
31.3791
31.515
31.6511
31.7896
31.9262
32.0631
32.2011
32.3395
32.4762
32.6144
32.7523
32.8911
33.0301
33.1683
33.3067
33.4468
33.5859
33.7252
33.8655
34.0062
34.147
34.2876
34.4283
34.5693
34.7099
34.8517
34.9916
35.1327
35.274
35.4165
35.5576
35.7011
35.843
35.987
36.1303
36.2723
36.4156
36.5594
36.7037
36.8474
36.9924
37.1363
37.2809
37.4255
37.5716
37.7151
37.8595
38.0052
38.1514
38.2967
38.4438
38.5906
38.7373
38.8848
39.032
39.1786
39.3259
39.4743
39.6219
39.7694
39.9179
40.0658
40.2147
40.3647
40.5142
40.6644
40.8145
40.9629
41.1127
41.2634
41.4147
41.5662
41.718
41.8694
42.0208
42.1718
42.3228
42.4749
42.6265
42.7801
42.9328
43.087
43.2403
43.3939
43.5483
43.7021
43.8557
44.0105
44.1655
44.3208
44.4753
44.6308
44.7889
44.9453
45.1012
45.2589
45.4175
45.5745
45.732
45.8898
46.0476
46.2063
46.3655
46.5229
46.6825
46.8417
47.0017
47.1606
47.3203
47.4813
47.6423
47.8033
47.9642
48.1256
48.2873
48.4499
48.6124
48.7755
48.939
49.1019
49.2642
49.428
49.5927
49.7583
49.9216
50.086
50.2505
50.415
50.5816
50.7457
50.9102
51.0763
51.243
51.41
51.5767
51.7422
51.9103
52.0785
52.2454
52.4141
52.5838
52.7519
52.921
53.0907
53.2611
53.4327
53.6024
53.7734
53.9436
54.1146
54.2863
54.4596
54.6324
54.8064
54.9801
55.1545
55.3285
55.5029
55.6784
55.8537
56.0286
56.2033
56.3788
56.5537
56.7302
56.9057
57.0823
57.2591
57.4381
57.6147
57.7913
57.9704
58.1487
58.328
58.51
58.6896
58.8695
59.0494
59.2288
59.41
59.5924
59.7746
59.9581
60.1397
60.3224
60.5055
60.6882
60.8703
61.0527
61.2378
61.4233
61.6087
61.7929
61.9795
62.1636
62.3494
62.5354
62.7236
62.9101
63.0981
63.2883
63.4766
63.6661
63.8546
64.0439
64.2358
64.428
64.6198
64.8112
65.0041
65.1957
65.3871
65.5792
65.7724
65.9651
66.1583
66.3526
66.5473
66.741
66.9368
67.133
67.3292
67.5252
67.7222
67.9179
68.1144
68.3119
68.5083
68.7064
68.9059
69.1077
69.3074
69.5089
69.7092
69.9119
70.1138
70.3176
70.5219
70.7253
70.9287
71.1324
71.3367
71.5421
71.7461
71.9509
72.1556
72.3611
72.5672
72.7757
72.9847
73.1937
73.4024
73.6132
73.8216
74.0323
74.2409
74.4515
74.663
74.8737
75.0852
75.2982
75.5108
75.7238
75.9366
76.1501
76.3651
76.5812
76.7984
77.0178
77.236
77.4522
77.669
77.8861
78.105
78.3239
78.5402
78.76
78.9814
79.2024
79.4244
79.6454
79.8692
80.0942
80.3193
80.543
80.7664
80.9918
81.2185
81.4441
81.6709
81.8984
82.1251
82.3547
82.5844
82.8132
83.0424
83.2727
83.5034
83.7337
83.9657
84.1991
84.4323
84.6674
84.9004
85.1355
85.3707
85.6057
85.8432
86.0801
86.3186
86.5569
86.7946
87.0359
87.2752
87.5154
87.7566
88.0005
88.2433
88.485
88.729
88.9728
89.219
89.464
89.7098
89.9568
90.2033
90.4494
90.6982
90.948
91.1961
91.4463
91.6988
91.9514
92.2013
92.4545
92.7081
92.9624
93.2177
93.4746
93.7299
93.986
94.2445
94.5045
94.7629
95.023
95.2828
95.5439
95.803
96.0672
96.3294
96.5925
96.8588
97.1236
97.3873
97.6537
97.923
98.1882
98.4566
98.7272
98.9994
99.2695
99.5406
99.8141
100.086
100.36
100.633
100.907
101.184
101.463
101.74
102.02
102.3
102.578
102.86
103.143
103.425
103.709
103.993
104.278
104.564
104.849
105.136
105.423
105.712
106.004
106.294
106.584
106.876
107.17
107.462
107.754
108.05
108.346
108.642
108.942
109.245
109.546
109.845
110.147
110.447
110.753
111.06
111.368
111.674
111.982
112.291
112.598
112.909
113.221
113.536
113.847
114.16
114.475
114.791
115.108
115.425
115.745
116.07
116.389
116.71
117.033
117.359
117.685
118.013
118.34
118.667
118.999
119.329
119.662
119.995
120.328
120.665
121.001
121.337
121.675
122.016
122.356
122.698
123.04
123.388
123.734
124.081
124.43
124.78
125.13
125.479
125.834
126.191
126.544
126.9
127.259
127.622
127.982
128.347
128.709
129.077
129.446
129.817
130.186
130.558
130.931
131.305
131.68
132.054
132.432
132.808
133.189
133.569
133.954
134.339
134.729
135.118
135.508
135.9
136.293
136.686
137.078
137.472
137.873
138.27
138.672
139.075
139.479
139.882
140.292
140.702
141.114
141.529
141.944
142.363
142.784
143.206
143.632
144.057
144.484
144.911
145.343
145.774
146.207
146.643
147.081
147.519
147.965
148.411
148.858
149.304
149.751
150.202
150.659
151.116
151.572
152.029
152.49
152.954
153.421
153.89
154.36
154.832
155.303
155.778
156.26
156.743
157.229
157.718
158.207
158.7
159.194
159.691
160.19
160.691
161.195
161.697
162.207
162.717
163.231
163.745
164.261
164.777
165.303
165.832
166.362
166.898
167.431
167.97
168.511
169.052
169.601
170.152
170.704
171.26
171.818
172.382
172.949
173.519
174.089
174.664
175.244
175.823
176.405
176.991
177.579
178.176
178.775
179.377
179.98
180.593
181.21
181.828
182.446
183.075
183.707
184.341
184.979
185.627
186.279
186.927
187.589
188.245
188.911
189.577
190.254
190.936
191.622
192.304
192.996
193.691
194.395
195.102
195.808
196.525
197.248
197.968
198.704
199.446
200.19
200.936
201.69
202.449
203.217
203.984
204.758
205.544
206.331
207.125
207.93
208.746
209.558
210.385
211.212
212.054
212.891
213.741
214.589
215.451
216.324
217.194
218.085
218.973
219.872
220.779
221.699
222.624
223.555
224.497
225.446
226.404
227.368
228.353
229.344
230.345
231.355
232.377
233.398
234.449
235.499
236.562
237.635
238.715
239.809
240.915
242.041
243.183
244.324
245.475
246.649
247.836
249.042
250.257
251.489
252.742
254
255.277
256.567
257.89
259.219
260.563
261.931
263.323
264.709
266.129
267.567
269.032
270.52
272.021
273.554
275.108
276.676
278.284
279.918
281.552
283.227
284.924
286.66
288.418
290.214
292.051
293.922
295.818
297.76
299.757
301.768
303.817
305.908
308.052
310.258
312.495
314.776
317.118
319.528
321.983
324.492
327.077
329.735
332.44
335.255
338.137
341.134
344.162
347.321
350.603
353.961
357.449
361.073
364.819
368.7
372.741
376.945
381.338
385.936
390.791
395.889
401.264
406.925
412.943
419.316
426.061
433.297
441.069
449.554
458.871
468.954
480.306
493.033
507.75
524.826
545.316
570.862
604.989
655.843
758.728
