0.0978754
0.195929
0.293995
0.392392
0.490253
0.588809
0.687122
0.785367
0.884356
0.983413
1.08215
1.18125
1.28059
1.3804
1.48026
1.58055
1.67983
1.77866
1.87809
1.97827
2.07863
2.1789
2.27876
2.37922
2.48007
2.58023
2.6802
2.7809
2.88205
2.98263
3.08401
3.18524
3.28589
3.3876
3.49001
3.59117
3.69277
3.79502
3.89693
3.9991
4.10152
4.20343
4.30593
4.408
4.51076
4.61337
4.71652
4.82026
4.92245
5.02572
5.12843
5.23214
5.33587
5.43939
5.5426
5.6471
5.75111
5.85503
5.95846
6.06239
6.16587
6.27115
6.37594
6.48084
6.58597
6.69067
6.79634
6.90072
7.00622
7.11182
7.21652
7.32241
7.42763
7.5332
7.63899
7.74524
7.85211
7.95833
8.06437
8.17043
8.27724
8.38456
8.49115
8.59744
8.7044
8.8115
8.91881
9.02589
9.13446
9.24184
9.3498
9.45771
9.56535
9.67327
9.78223
9.89045
9.99902
10.1088
10.2174
10.3264
10.4359
10.5445
10.6532
10.7616
10.8716
10.981
11.091
11.2004
11.3098
11.4203
11.5305
11.6405
11.7512
11.8623
11.9726
12.0839
12.194
12.3051
12.4164
12.5276
12.6398
12.7518
12.8638
12.9752
13.0876
13.1995
13.3124
13.4262
13.539
13.6524
13.765
13.8773
13.9903
14.1033
14.2166
14.3298
14.4432
14.5567
14.6712
14.7856
14.8999
15.0144
15.1299
15.2446
15.3595
15.4746
15.5896
15.7052
15.8202
15.9348
16.0498
16.1664
16.2818
16.3985
16.5144
16.6287
16.7454
16.8614
16.9786
17.0961
17.2127
17.3293
17.4462
17.5633
17.6812
17.7986
17.9158
18.0329
18.1512
18.269
18.3874
18.5055
18.6236
18.7428
18.8617
18.9807
19.1006
19.2198
19.3402
19.4595
19.5786
19.6983
19.8175
19.937
20.0585
20.1793
20.2996
20.4209
20.5419
20.6634
20.7851
20.9075
21.0301
21.1522
21.2738
21.3959
21.5182
21.6417
21.7634
21.8868
22.01
22.1333
22.2552
22.3782
22.5025
22.6252
22.7477
22.8725
22.9959
23.12
23.2445
23.3692
23.4948
23.62
23.7453
23.8701
23.9958
24.121
24.2452
24.3713
24.4974
24.6237
24.7497
24.8757
25.0027
25.1308
25.258
25.3862
25.5133
25.6403
25.7675
25.8965
26.0244
26.1531
26.282
26.4111
26.541
26.6699
26.7998
26.9281
27.0568
27.1869
27.3168
27.446
27.5753
27.7057
27.8352
27.9669
28.0984
28.2284
28.359
28.4904
28.6209
28.7512
28.8841
29.0168
29.1495
29.2814
29.4137
29.5468
29.68
29.8139
29.948
30.0809
30.2151
30.3492
30.4834
30.618
30.7525
30.8867
31.0224
31.1575
31.2919
31.4279
31.5638
31.6991
31.8344
31.9711
32.1087
32.2461
32.3834
32.5193
32.6563
32.7942
32.9306
33.068
33.2058
33.3424
33.4814
33.6197
33.759
33.8973
34.0366
34.1757
34.3139
34.4546
34.5941
34.7346
34.8749
35.0145
35.1556
35.2963
35.4387
35.5806
35.7228
35.8642
36.0074
36.1495
36.2931
36.4359
36.5784
36.7218
36.8647
37.0084
37.1513
37.295
37.4393
37.5844
37.7303
37.8742
38.0193
38.1653
38.3104
38.4573
38.6038
38.749
38.8958
39.0416
39.1885
39.336
39.4846
39.6319
39.7786
39.9263
40.074
40.2214
40.3695
40.5177
40.6658
40.816
40.9663
41.1175
41.2671
41.4179
41.5696
41.7212
41.8734
42.0255
42.1763
42.3278
42.4788
42.6314
42.7847
42.9371
43.09
43.2436
43.3962
43.5514
43.7035
43.8574
44.0126
44.1671
44.3216
44.4761
44.6307
44.7858
44.9418
45.0987
45.2564
45.4122
45.5691
45.7255
45.8829
46.041
46.1985
46.3564
46.5153
46.6741
46.8335
46.9918
47.152
47.3119
47.4724
47.6334
47.7944
47.9558
48.1167
48.2789
48.4391
48.6031
48.765
48.9268
49.0896
49.2521
49.4163
49.5798
49.7437
49.9088
50.0729
50.237
50.4018
50.5679
50.7337
50.8982
51.0637
51.2308
51.3971
51.5647
51.7318
51.9005
52.07
52.2356
52.4045
52.5737
52.7417
52.91
53.0793
53.25
53.4196
53.5914
53.7619
53.9322
54.1032
54.274
54.4441
54.6162
54.7883
54.9614
55.1342
55.307
55.4806
55.6545
55.8297
56.0048
56.1806
56.3563
56.5314
56.707
56.8833
57.0595
57.2373
57.4141
57.5909
57.7695
57.9466
58.126
58.3038
58.4847
58.6635
58.8439
59.0236
59.2046
59.3846
59.566
59.7469
59.927
60.1094
60.2947
60.4788
60.6633
60.8483
61.0314
61.2156
61.3987
61.5848
61.7693
61.9555
62.1401
62.3261
62.5127
62.7007
62.888
63.0757
63.2637
63.4532
63.644
63.8314
64.0225
64.2113
64.4036
64.5934
64.7849
64.9757
65.1689
65.3619
65.5557
65.75
65.9449
66.1379
66.3315
66.5276
66.7226
66.919
67.1139
67.3103
67.5089
67.7065
67.9032
68.1025
68.3029
68.5032
68.7035
68.9038
69.1054
69.3057
69.5057
69.7058
69.9065
70.1083
70.3105
70.5106
70.7141
70.917
71.1227
71.3269
71.5318
71.7375
71.9435
72.1496
72.3568
72.5633
72.7711
72.979
73.1868
73.3942
73.6011
73.81
74.0198
74.2308
74.4412
74.6512
74.862
75.0753
75.2873
75.5007
75.7142
75.9282
76.1431
76.3583
76.5745
76.7902
77.0064
77.2242
77.4424
77.6621
77.8806
78.1006
78.32
78.5433
78.7616
78.9836
79.2057
79.4283
79.6509
79.8734
80.0977
80.3234
80.5466
80.7725
80.9985
81.2247
81.4524
81.6807
81.909
82.1385
82.3667
82.596
82.8266
83.0599
83.2908
83.5214
83.7539
83.9868
84.2218
84.4543
84.6893
84.9236
85.1574
85.3948
85.6318
85.8711
86.1092
86.3486
86.5887
86.8305
87.0682
87.3093
87.5505
87.7935
88.036
88.2821
88.5253
88.7689
89.014
89.259
89.5055
89.7535
90.0015
90.2506
90.5012
90.7514
91.0011
91.2525
91.5054
91.7588
92.0115
92.2639
92.5157
92.7708
93.0271
93.2829
93.5388
93.7969
94.0533
94.3101
94.5701
94.8273
95.0854
95.3442
95.6061
95.8714
96.1352
96.4021
96.6656
96.9331
97.198
97.4647
97.7305
98.0013
98.2709
98.5401
98.8116
99.0837
99.3566
99.6306
99.9062
100.182
100.456
100.733
101.012
101.291
101.571
101.853
102.132
102.413
102.694
102.977
103.259
103.542
103.828
104.116
104.404
104.694
104.984
105.274
105.565
105.857
106.15
106.445
106.736
107.032
107.326
107.624
107.922
108.22
108.519
108.82
109.122
109.425
109.729
110.032
110.339
110.644
110.949
111.253
111.565
111.873
112.183
112.493
112.806
113.119
113.434
113.751
114.064
114.38
114.694
115.016
115.336
115.658
115.981
116.308
116.632
116.959
117.285
117.615
117.945
118.279
118.613
118.946
119.28
119.615
119.951
120.288
120.63
120.971
121.312
121.655
121.994
122.342
122.686
123.032
123.38
123.726
124.079
124.429
124.782
125.135
125.492
125.852
126.209
126.569
126.932
127.293
127.656
128.022
128.392
128.76
129.131
129.497
129.87
130.245
130.619
130.993
131.368
131.746
132.131
132.513
132.899
133.285
133.671
134.064
134.452
134.842
135.237
135.631
136.026
136.423
136.822
137.222
137.622
138.025
138.431
138.836
139.248
139.657
140.07
140.487
140.903
141.324
141.741
142.16
142.581
143.006
143.435
143.865
144.292
144.721
145.15
145.586
146.022
146.459
146.899
147.34
147.784
148.229
148.679
149.133
149.585
150.04
150.498
150.956
151.42
151.883
152.349
152.819
153.287
153.767
154.24
154.718
155.197
155.68
156.162
156.645
157.131
157.623
158.115
158.616
159.11
159.61
160.112
160.618
161.125
161.632
162.148
162.664
163.181
163.705
164.229
164.758
165.288
165.823
166.362
166.901
167.441
167.987
168.536
169.09
169.644
170.201
170.758
171.32
171.88
172.446
173.02
173.595
174.172
174.752
175.334
175.928
176.514
177.106
177.706
178.305
178.909
179.517
180.128
180.749
181.364
181.988
182.619
183.257
183.896
184.535
185.182
185.831
186.492
187.149
187.815
188.481
189.155
189.841
190.519
191.201
191.889
192.583
193.278
193.982
194.689
195.404
196.13
196.856
197.584
198.327
199.066
199.819
200.572
201.328
202.092
202.859
203.634
204.415
205.208
206.004
206.808
207.621
208.432
209.251
210.073
210.904
211.738
212.585
213.449
214.318
215.19
216.067
216.955
217.851
218.756
219.666
220.579
221.5
222.429
223.375
224.324
225.288
226.267
227.253
228.239
229.244
230.26
231.287
232.312
233.351
234.406
235.466
236.537
237.626
238.731
239.843
240.957
242.089
243.236
244.396
245.572
246.758
247.975
249.189
250.426
251.679
252.935
254.213
255.519
256.83
258.155
259.507
260.883
262.267
263.678
265.099
266.548
268.005
269.489
270.993
272.527
274.09
275.675
277.283
278.909
280.581
282.269
283.982
285.723
287.487
289.3
291.137
293.023
294.934
296.888
298.875
300.897
302.958
305.067
307.226
309.427
311.696
313.99
316.349
318.769
321.249
323.789
326.385
329.065
331.777
334.593
337.465
340.449
343.503
346.666
349.929
353.3
356.743
360.337
364.036
367.87
371.851
376.033
380.408
384.931
389.681
394.643
399.848
405.366
411.199
417.314
423.836
430.872
438.393
446.458
455.233
464.966
475.523
487.152
500.475
515.672
533.505
555.141
582.184
619.024
676.503
930.569
