12.0282
14.5039
16.0993
17.3119
18.3218
19.1916
19.9634
20.6629
21.3032
21.8913
22.4546
22.9783
23.4722
23.944
24.3942
24.8288
25.2478
25.6464
26.0336
26.4079
26.7685
27.1234
27.4651
27.798
28.1229
28.4385
28.7494
29.0539
29.3542
29.6444
29.9308
30.2134
30.4889
30.7624
31.0281
31.2911
31.5506
31.8052
32.057
32.3048
32.5498
32.7911
33.028
33.2623
33.4943
33.7244
33.9518
34.1758
34.3954
34.6133
34.8286
35.0432
35.2567
35.4664
35.676
35.8815
36.0851
36.2886
36.4906
36.6892
36.8866
37.0835
37.2763
37.4675
37.6575
37.8478
38.0358
38.2235
38.409
38.5933
38.7767
38.9605
39.1413
39.3197
39.4968
39.6744
39.8511
40.0259
40.2009
40.3736
40.5451
40.715
40.8842
41.0522
41.2213
41.3864
41.5533
41.717
41.8805
42.0444
42.2071
42.3696
42.531
42.6907
42.8504
43.0096
43.1672
43.3232
43.4804
43.6357
43.791
43.9441
44.0991
44.2524
44.4049
44.5575
44.7076
44.8583
45.0082
45.1574
45.3064
45.4545
45.6013
45.7489
45.8941
46.0403
46.1856
46.3324
46.4763
46.6191
46.7621
46.9052
47.0483
47.1901
47.3318
47.4737
47.6143
47.7552
47.895
48.0339
48.1734
48.3124
48.4503
48.5869
48.7253
48.8623
48.9982
49.1333
49.2699
49.4051
49.5403
49.6752
49.8113
49.9452
50.0783
50.2123
50.3464
50.4791
50.6117
50.7455
50.8775
51.0092
51.1397
51.2709
51.4011
51.5331
51.663
51.7932
51.9225
52.0519
52.1808
52.31
52.4387
52.5665
52.6942
52.8227
52.9497
53.0776
53.2049
53.331
53.4585
53.5848
53.7115
53.8363
53.9618
54.0871
54.2118
54.3377
54.4618
54.586
54.7096
54.8329
54.9568
55.08
55.2034
55.326
55.4487
55.5712
55.694
55.8166
55.9384
56.0614
56.1822
56.3034
56.4235
56.5448
56.6669
56.7879
56.9089
57.0293
57.1501
57.2704
57.3908
57.5122
57.6317
57.7512
57.8709
57.9908
58.1103
58.2297
58.349
58.4691
58.5876
58.7059
58.8239
58.9416
59.0587
59.1781
59.2969
59.4151
59.5324
59.6501
59.7683
59.8855
60.003
60.121
60.2382
60.3551
60.4726
60.5896
60.706
60.8221
60.9387
61.056
61.173
61.2887
61.4052
61.521
61.6375
61.7528
61.8682
61.9848
62.1002
62.2162
62.332
62.446
62.5604
62.6768
62.7917
62.9071
63.0221
63.1363
63.251
63.3666
63.4821
63.5966
63.711
63.8246
63.9387
64.0525
64.1662
64.2801
64.3948
64.509
64.6228
64.7377
64.8515
64.9652
65.0787
65.192
65.3052
65.4181
65.5311
65.6435
65.7575
65.8698
65.983
66.0959
66.209
66.3219
66.4344
66.547
66.6608
66.773
66.8857
66.9985
67.1119
67.2245
67.337
67.4492
67.5621
67.6736
67.7856
67.8979
68.0093
68.1217
68.2348
68.3458
68.4579
68.5712
68.683
68.795
68.9072
69.0183
69.1306
69.2425
69.3539
69.4638
69.5758
69.6871
69.8001
69.9112
70.0226
70.1349
70.2482
70.3609
70.4714
70.5831
70.6946
70.8055
70.9174
71.0289
71.1403
71.2518
71.3633
71.4755
71.5865
71.6986
71.8101
71.9209
72.0317
72.1437
72.2554
72.3671
72.4788
72.5906
72.7018
72.8126
72.9245
73.0365
73.1483
73.2597
73.3717
73.4833
73.5946
73.707
73.8189
73.9306
74.042
74.1537
74.2655
74.3773
74.4891
74.6
74.7117
74.8233
74.9345
75.0467
75.1581
75.2699
75.381
75.4914
75.6026
75.7153
75.8263
75.9384
76.0501
76.1627
76.2749
76.3865
76.4984
76.6097
76.7222
76.8345
76.9459
77.057
77.1683
77.2804
77.3935
77.5063
77.6176
77.7306
77.8421
77.955
78.0668
78.1791
78.2919
78.4047
78.5176
78.6291
78.7416
78.8534
78.9657
79.0786
79.1918
79.3044
79.4176
79.5311
79.6448
79.7578
79.87
79.9823
80.0948
80.2091
80.3224
80.4341
80.5474
80.6606
80.7742
80.8872
81.0005
81.1147
81.2284
81.3413
81.4548
81.5677
81.6811
81.7953
81.9097
82.0238
82.1371
82.2506
82.3647
82.4782
82.5927
82.7064
82.8209
82.9359
83.0503
83.1638
83.2779
83.3918
83.5057
83.6198
83.7336
83.8489
83.9643
84.0783
84.193
84.308
84.4233
84.5385
84.6526
84.7684
84.8837
84.9993
85.115
85.2301
85.3464
85.4623
85.5786
85.6944
85.8095
85.9251
86.0399
86.1567
86.2718
86.3886
86.5048
86.6222
86.7393
86.8558
86.9719
87.0889
87.206
87.3226
87.4402
87.5566
87.6736
87.7908
87.908
88.0248
88.1432
88.2609
88.3795
88.4972
88.6153
88.7343
88.852
88.9702
89.0883
89.2062
89.3245
89.4431
89.5618
89.6806
89.8001
89.9187
90.0373
90.1566
90.277
90.3965
90.5159
90.6363
90.7557
90.8759
90.996
91.1159
91.2367
91.3573
91.478
91.5986
91.7189
91.8398
91.9611
92.0831
92.2053
92.3269
92.4484
92.5683
92.6891
92.8104
92.9321
93.0537
93.176
93.2977
93.4191
93.5409
93.6644
93.7881
93.9098
94.0327
94.1561
94.2795
94.4013
94.525
94.6492
94.7725
94.8965
95.0211
95.145
95.2695
95.3934
95.5182
95.6432
95.7677
95.8916
96.0173
96.1417
96.2669
96.393
96.5186
96.6453
96.7717
96.8974
97.0238
97.1502
97.277
97.4039
97.5309
97.6582
97.7856
97.9138
98.0409
98.1679
98.2947
98.4214
98.5491
98.6776
98.8062
98.9351
99.0632
99.1936
99.3226
99.4508
99.5799
99.7087
99.8388
99.9698
100.1
100.23
100.361
100.491
100.622
100.754
100.886
101.019
101.15
101.281
101.413
101.544
101.675
101.808
101.941
102.073
102.206
102.34
102.473
102.606
102.74
102.873
103.007
103.142
103.276
103.411
103.545
103.679
103.814
103.949
104.085
104.22
104.357
104.493
104.63
104.768
104.905
105.043
105.181
105.319
105.458
105.595
105.733
105.871
106.01
106.149
106.288
106.428
106.568
106.707
106.846
106.987
107.128
107.269
107.411
107.552
107.694
107.835
107.978
108.12
108.262
108.405
108.549
108.693
108.837
108.98
109.124
109.267
109.412
109.558
109.702
109.845
109.991
110.138
110.284
110.43
110.575
110.722
110.87
111.017
111.165
111.312
111.461
111.609
111.759
111.91
112.06
112.21
112.36
112.511
112.661
112.813
112.963
113.114
113.267
113.419
113.572
113.725
113.878
114.032
114.185
114.338
114.492
114.647
114.801
114.957
115.113
115.269
115.426
115.583
115.741
115.898
116.057
116.214
116.374
116.533
116.692
116.852
117.012
117.172
117.333
117.495
117.656
117.818
117.981
118.143
118.305
118.469
118.632
118.795
118.96
119.124
119.29
119.456
119.621
119.788
119.956
120.122
120.291
120.459
120.628
120.797
120.966
121.136
121.307
121.479
121.65
121.824
121.994
122.166
122.34
122.515
122.688
122.862
123.037
123.212
123.389
123.564
123.74
123.917
124.097
124.275
124.454
124.636
124.816
124.997
125.178
125.36
125.543
125.725
125.909
126.092
126.277
126.462
126.646
126.832
127.017
127.205
127.391
127.578
127.766
127.956
128.145
128.334
128.528
128.72
128.914
129.107
129.3
129.494
129.691
129.886
130.08
130.276
130.473
130.669
130.868
131.068
131.267
131.468
131.668
131.869
132.072
132.275
132.478
132.681
132.886
133.091
133.297
133.503
133.712
133.92
134.131
134.342
134.555
134.765
134.977
135.192
135.406
135.622
135.839
136.056
136.274
136.495
136.713
136.932
137.154
137.376
137.596
137.821
138.044
138.268
138.496
138.725
138.955
139.185
139.414
139.645
139.877
140.109
140.343
140.579
140.813
141.05
141.289
141.528
141.768
142.011
142.254
142.498
142.743
142.99
143.238
143.486
143.736
143.987
144.238
144.489
144.743
144.998
145.252
145.509
145.769
146.026
146.287
146.55
146.816
147.081
147.347
147.616
147.882
148.151
148.425
148.7
148.973
149.248
149.529
149.809
150.091
150.374
150.661
150.947
151.235
151.526
151.817
152.109
152.402
152.7
152.997
153.297
153.597
153.902
154.208
154.515
154.822
155.131
155.445
155.76
156.078
156.399
156.72
157.043
157.366
157.693
158.022
158.349
158.684
159.017
159.356
159.695
160.04
160.386
160.736
161.09
161.443
161.799
162.159
162.519
162.885
163.25
163.617
163.989
164.366
164.749
165.128
165.51
165.894
166.285
166.676
167.077
167.478
167.88
168.291
168.699
169.115
169.537
169.962
170.389
170.821
171.257
171.697
172.14
172.585
173.041
173.503
173.963
174.432
174.906
175.382
175.86
176.353
176.849
177.348
177.857
178.364
178.888
179.406
179.932
180.467
181.011
181.563
182.12
182.683
183.249
183.828
184.415
185.003
185.606
186.215
186.834
187.458
188.093
188.737
189.396
190.063
190.744
191.431
192.132
192.848
193.58
194.322
195.079
195.844
196.623
197.424
198.232
199.065
199.908
200.77
201.647
202.544
203.47
204.421
205.386
206.382
207.394
208.435
209.508
210.61
211.734
212.903
214.095
215.338
216.616
217.955
219.323
220.757
222.245
223.777
225.389
227.058
228.816
230.645
232.568
234.609
236.784
239.1
241.565
244.18
247.026
250.093
253.44
257.182
261.347
266.047
271.489
277.971
286.026
296.74
312.504
343.015
