0.00519357
0.0104788
0.0157107
0.0209041
0.0261878
0.0315112
0.0367886
0.0420352
0.047341
0.0526586
0.0580101
0.063355
0.0686652
0.0740433
0.0794164
0.0847777
0.0901093
0.0954482
0.100835
0.106244
0.111636
0.117024
0.122421
0.127809
0.133233
0.138688
0.144146
0.149575
0.155027
0.160479
0.165953
0.171468
0.176954
0.182466
0.187968
0.193532
0.199115
0.204684
0.210274
0.215876
0.221489
0.227103
0.232701
0.238289
0.243906
0.2495
0.255152
0.260786
0.266433
0.27211
0.277773
0.283425
0.289091
0.294802
0.300518
0.306251
0.312006
0.317719
0.323523
0.329292
0.335051
0.340843
0.346666
0.352449
0.358262
0.364056
0.369876
0.375744
0.381653
0.387499
0.393381
0.399242
0.405124
0.411034
0.416995
0.42292
0.428846
0.434811
0.440748
0.446726
0.45269
0.458651
0.4647
0.470727
0.476775
0.482828
0.488904
0.494997
0.501053
0.507131
0.513299
0.519406
0.525574
0.531725
0.537901
0.544036
0.550203
0.556359
0.562604
0.568879
0.57508
0.581331
0.587622
0.593895
0.600183
0.606457
0.612772
0.619065
0.625459
0.631774
0.638153
0.644502
0.650831
0.657182
0.663557
0.669922
0.676313
0.682755
0.689201
0.69566
0.702043
0.708473
0.714929
0.721485
0.728042
0.734543
0.741055
0.747596
0.754145
0.760652
0.767221
0.773795
0.780416
0.787034
0.793658
0.800275
0.806982
0.813663
0.820286
0.82696
0.833704
0.8404
0.847124
0.853926
0.860719
0.86748
0.874306
0.88115
0.88795
0.894797
0.901698
0.908542
0.91547
0.922319
0.9292
0.936077
0.942991
0.949973
0.956934
0.963903
0.97086
0.977852
0.984839
0.991854
0.998899
1.0059
1.01298
1.02009
1.0272
1.03426
1.04138
1.04851
1.05565
1.06277
1.06993
1.07714
1.08437
1.09158
1.09885
1.10615
1.11341
1.12061
1.12788
1.1352
1.1425
1.14983
1.15718
1.16455
1.17191
1.1793
1.1867
1.19412
1.20158
1.20905
1.21659
1.22411
1.23158
1.23909
1.24664
1.2542
1.26181
1.2694
1.27702
1.28465
1.29226
1.29991
1.30759
1.31527
1.32292
1.33066
1.33834
1.34601
1.35382
1.36157
1.3694
1.37721
1.38504
1.39284
1.40074
1.40863
1.41651
1.42436
1.43229
1.44015
1.44801
1.45593
1.46391
1.47183
1.47981
1.48794
1.49601
1.50409
1.51218
1.52026
1.52835
1.53647
1.54462
1.55276
1.56091
1.56909
1.5773
1.58557
1.59392
1.60222
1.61052
1.61878
1.62714
1.63554
1.64387
1.65222
1.66065
1.66907
1.67753
1.68601
1.69451
1.70299
1.71152
1.72013
1.7287
1.73723
1.74581
1.75441
1.76303
1.77165
1.78036
1.78902
1.79774
1.80646
1.81523
1.82403
1.83284
1.84157
1.85036
1.85919
1.86803
1.87701
1.88596
1.89484
1.9038
1.91275
1.92167
1.93062
1.93965
1.9487
1.95773
1.96684
1.97593
1.98503
1.99413
2.00319
2.0124
2.02158
2.03081
2.04
2.04918
2.05847
2.06766
2.077
2.08644
2.09585
2.10523
2.11467
2.12417
2.13369
2.14324
2.1528
2.16231
2.17184
2.18132
2.19087
2.20046
2.21001
2.21971
2.22935
2.23899
2.24874
2.25851
2.26825
2.27804
2.28779
2.29761
2.3074
2.31728
2.32712
2.33703
2.34694
2.35693
2.36696
2.37703
2.3871
2.3971
2.40713
2.41723
2.42741
2.43763
2.44774
2.458
2.4682
2.47847
2.48882
2.49909
2.50941
2.51972
2.53008
2.5405
2.55089
2.56136
2.57183
2.58238
2.59284
2.60339
2.61402
2.62469
2.63541
2.64613
2.65675
2.66744
2.67811
2.68885
2.69964
2.71043
2.7212
2.73203
2.74291
2.7539
2.76489
2.77591
2.78688
2.79785
2.80901
2.82004
2.83123
2.84245
2.85353
2.86476
2.87601
2.88721
2.89847
2.9098
2.92116
2.93256
2.94404
2.95547
2.96702
2.97859
2.9901
3.00174
3.01338
3.02499
3.03666
3.04833
3.06007
3.07176
3.08346
3.09533
3.10714
3.11907
3.13099
3.14291
3.15491
3.16705
3.17907
3.19115
3.2033
3.21549
3.22761
3.23986
3.25207
3.26436
3.27682
3.28926
3.30163
3.31405
3.32652
3.33911
3.35168
3.3642
3.37677
3.38946
3.40213
3.41482
3.4276
3.44032
3.45313
3.46599
3.47898
3.49193
3.5049
3.51799
3.531
3.54407
3.5572
3.57031
3.58354
3.59678
3.61
3.6233
3.63663
3.64998
3.66351
3.67708
3.69059
3.70422
3.71792
3.73165
3.74534
3.75908
3.77293
3.78679
3.80079
3.81456
3.82849
3.84253
3.8566
3.87072
3.88482
3.89893
3.91312
3.92737
3.94175
3.9561
3.97048
3.98491
3.99954
4.01411
4.02874
4.04343
4.05798
4.07272
4.08755
4.10229
4.1171
4.13209
4.14713
4.16219
4.17731
4.19242
4.20764
4.22274
4.23808
4.2533
4.26872
4.28413
4.29962
4.31498
4.33061
4.34616
4.3619
4.37746
4.39317
4.40892
4.42476
4.44062
4.45652
4.47248
4.48848
4.50446
4.52057
4.53679
4.55316
4.56939
4.5858
4.60238
4.61879
4.63542
4.65211
4.66891
4.68564
4.70234
4.71923
4.73609
4.7531
4.77023
4.78724
4.80452
4.82176
4.83928
4.85649
4.87388
4.89124
4.90875
4.92651
4.94414
4.96199
4.97985
4.99766
5.01563
5.03387
5.05213
5.07019
5.08845
5.10684
5.12526
5.14379
5.16231
5.18079
5.19944
5.21794
5.23663
5.25559
5.27443
5.29346
5.31248
5.33179
5.35105
5.37009
5.38948
5.40919
5.42876
5.44842
5.46812
5.48803
5.50801
5.52803
5.54799
5.56802
5.58825
5.60852
5.62911
5.64952
5.67015
5.69071
5.71141
5.73221
5.75291
5.77376
5.79476
5.81599
5.8373
5.85861
5.87998
5.90134
5.92306
5.94476
5.96648
5.9881
6.00997
6.03197
6.05404
6.07627
6.09859
6.1211
6.14366
6.16615
6.1887
6.21156
6.23458
6.25773
6.28109
6.30436
6.32769
6.35127
6.37479
6.39853
6.42268
6.44682
6.47092
6.49498
6.51918
6.54354
6.56831
6.5929
6.61777
6.64256
6.66777
6.69303
6.71826
6.74352
6.76913
6.79515
6.82101
6.84689
6.87295
6.89927
6.92552
6.95216
6.97894
7.00577
7.0327
7.05975
7.08712
7.11435
7.14171
7.16948
7.19699
7.22502
7.25311
7.28153
7.30999
7.33854
7.36721
7.39616
7.4253
7.45438
7.48355
7.51293
7.54258
7.57252
7.6025
7.63238
7.66264
7.69314
7.72387
7.75475
7.78573
7.81714
7.84892
7.88053
7.91242
7.9442
7.97651
8.00877
8.0416
8.07431
8.10713
8.1401
8.17371
8.20723
8.2409
8.27495
8.30938
8.34404
8.37894
8.41386
8.44884
8.48391
8.51956
8.55539
8.59123
8.62719
8.66378
8.70077
8.73809
8.77521
8.81273
8.85064
8.88887
8.92734
8.96597
9.00494
9.04409
9.08397
9.1238
9.16401
9.20447
9.24544
9.28669
9.32805
9.36973
9.4118
9.45376
9.49699
9.53987
9.58356
9.62747
9.67182
9.71625
9.76129
9.80659
9.85223
9.89801
9.94442
9.99126
10.0384
10.0856
10.1336
10.1818
10.2304
10.2793
10.3286
10.3785
10.4289
10.4791
10.5303
10.5823
10.6346
10.6878
10.7412
10.795
10.8492
10.9035
10.9593
11.0151
11.072
11.129
11.1867
11.2447
11.3033
11.363
11.423
11.4833
11.5452
11.6076
11.6706
11.7334
11.7974
11.8621
11.9269
11.9933
12.0601
12.1282
12.1965
12.2659
12.3355
12.4064
12.4781
12.5505
12.6239
12.6981
12.7734
12.8501
12.9278
13.006
13.0855
13.1658
13.2468
13.33
13.4135
13.4978
13.5841
13.6722
13.7612
13.851
13.9425
14.0354
14.1293
14.2253
14.3214
14.4202
14.5205
14.6225
14.7259
14.831
14.9377
15.0463
15.1571
15.2706
15.3858
15.5024
15.622
15.743
15.8665
15.993
16.122
16.2539
16.3896
16.5271
16.6677
16.8094
16.9541
17.1028
17.2559
17.4135
17.5731
17.7381
17.907
18.0789
18.2578
18.441
18.6276
18.8202
19.0165
19.2191
19.4281
19.6427
19.866
20.0967
20.3323
20.5787
20.8328
21.0946
21.3709
21.6527
21.9458
22.2506
22.5695
22.9028
23.25
23.6104
23.9958
24.3964
24.8139
25.2568
25.7198
26.2153
26.7418
27.2951
27.8886
28.5135
29.1833
29.9109
30.679
31.5161
32.416
33.393
34.4509
35.5987
36.8372
38.1871
39.6543
41.2311
42.956
44.8101
46.8131
48.9649
51.2915
53.7673
56.4185
59.2067
62.144
65.2588
68.5047
71.9172
75.4632
79.1341
82.9336
86.8838
90.9122
95.0531
99.3105
103.63
108.09
112.663
117.275
121.977
126.803
131.687
136.629
141.633
146.758
151.973
157.249
162.576
168.002
173.48
179.042
184.673
190.352
196.093
201.957
207.853
213.823
219.875
225.939
232.145
238.375
244.695
251.018
257.464
263.93
270.483
277.117
283.797
290.535
297.363
304.21
311.187
318.155
325.209
332.344
339.486
346.723
354.036
361.438
368.899
376.434
383.978
391.529
399.175
406.909
414.664
422.517
430.461
438.371
446.37
454.459
462.609
470.864
479.102
487.415
495.756
504.216
512.734
521.276
529.945
538.702
547.415
556.187
565
573.949
582.919
591.93
601.034
610.239
619.454
628.817
638.176
647.567
657.046
666.663
676.333
686.092
695.911
705.886
715.943
726.051
736.155
746.346
756.693
767.248
777.834
788.566
799.331
810.204
821.201
832.253
843.377
854.699
866.272
877.958
889.817
901.894
913.972
926.254
938.802
951.488
964.553
977.83
991.31
1005.06
1019.09
1033.51
1048.19
1063.3
1078.81
1094.8
1111.22
1128.17
1145.58
1163.6
1182.36
1201.84
1222.46
1243.85
1266.42
1290.09
1315.25
1342.13
1370.89
1401.5
1435.29
1472.19
1512.95
1559.49
1612.69
1675.81
1752.97
1853.2
2001.42
2290.54
