0.00906909
0.0182284
0.0273979
0.0365428
0.0456602
0.0548552
0.0641043
0.0733224
0.0826562
0.0919936
0.10139
0.110712
0.120166
0.129547
0.13899
0.14836
0.157775
0.167276
0.176854
0.186499
0.196088
0.205775
0.215435
0.225054
0.234765
0.244471
0.254199
0.263975
0.273845
0.283717
0.29354
0.303497
0.313479
0.323407
0.333376
0.343381
0.353487
0.363588
0.373673
0.383827
0.393933
0.404203
0.414437
0.424694
0.435036
0.445428
0.455716
0.466028
0.476358
0.486754
0.497194
0.507697
0.518219
0.528825
0.539417
0.550064
0.560827
0.571519
0.582299
0.593247
0.60404
0.614991
0.625743
0.636644
0.647526
0.658497
0.669521
0.680627
0.691832
0.702918
0.714033
0.725267
0.736483
0.747762
0.759166
0.770581
0.781999
0.793374
0.804881
0.816332
0.82783
0.839352
0.850963
0.8626
0.874289
0.88608
0.897738
0.909459
0.921262
0.933179
0.945193
0.957186
0.969226
0.981204
0.993369
1.00551
1.01776
1.02995
1.04233
1.05465
1.06699
1.07936
1.09181
1.10426
1.11675
1.12928
1.14194
1.1547
1.16732
1.18009
1.19285
1.20576
1.21853
1.23149
1.24449
1.25751
1.27042
1.28347
1.29653
1.3097
1.32299
1.33626
1.34969
1.36308
1.3766
1.39006
1.40361
1.41706
1.43075
1.44448
1.45824
1.47213
1.48593
1.4997
1.51355
1.52754
1.54157
1.55561
1.56975
1.58411
1.59847
1.6128
1.62716
1.64155
1.65607
1.67051
1.68497
1.69956
1.71437
1.72921
1.74399
1.75882
1.77372
1.78866
1.80377
1.81877
1.83396
1.84927
1.86451
1.87983
1.89521
1.91052
1.92594
1.94159
1.9573
1.97291
1.98867
2.00437
2.02015
2.03616
2.05214
2.06816
2.08442
2.10072
2.11705
2.13326
2.14971
2.16624
2.18264
2.19919
2.21589
2.23266
2.24955
2.26639
2.28335
2.30049
2.31758
2.33467
2.35184
2.36906
2.3863
2.40371
2.42115
2.4387
2.45644
2.474
2.49182
2.50983
2.52758
2.54555
2.56362
2.58187
2.6002
2.61845
2.63675
2.65507
2.67377
2.69231
2.71116
2.72994
2.74864
2.76764
2.78666
2.80567
2.82467
2.84399
2.8633
2.88282
2.90234
2.92203
2.94159
2.96143
2.9815
3.00155
3.02182
3.04198
3.06239
3.08278
3.10337
3.12395
3.14452
3.16544
3.18622
3.20719
3.22831
3.24944
3.27072
3.29215
3.31344
3.33506
3.35682
3.37861
3.4005
3.42214
3.44407
3.46636
3.48849
3.51078
3.53322
3.55576
3.57836
3.60097
3.6238
3.64686
3.67007
3.69322
3.71623
3.73963
3.76294
3.78665
3.81044
3.83437
3.85829
3.88237
3.90627
3.93073
3.95506
3.97979
4.00457
4.02918
4.05405
4.07893
4.10401
4.12915
4.15473
4.18005
4.20565
4.23125
4.25728
4.2834
4.30961
4.33608
4.36247
4.38906
4.41565
4.44262
4.46965
4.49681
4.52386
4.55112
4.57859
4.60638
4.63421
4.6621
4.6901
4.7184
4.74686
4.77519
4.80382
4.833
4.86208
4.89133
4.92062
4.94979
4.9795
5.00902
5.03886
5.06908
5.09952
5.12998
5.1604
5.19124
5.22224
5.25358
5.28505
5.31619
5.34777
5.37935
5.41117
5.44335
5.47564
5.50803
5.54088
5.57379
5.60675
5.63996
5.67328
5.707
5.74066
5.77462
5.80857
5.84326
5.87771
5.91223
5.94711
5.98225
6.01748
6.05304
6.08865
6.12438
6.16071
6.19701
6.23368
6.27041
6.3075
6.34466
6.38198
6.41974
6.45765
6.49547
6.53396
6.5723
6.61077
6.6494
6.68852
6.72807
6.76764
6.80733
6.84735
6.88746
6.92787
6.9683
7.00918
7.05048
7.0917
7.13339
7.17558
7.21785
7.26047
7.30327
7.34619
7.38938
7.43331
7.47688
7.52027
7.56422
7.60855
7.65332
7.69848
7.74365
7.78909
7.83512
7.88121
7.92766
7.97416
8.02097
8.06836
8.1156
8.16345
8.21147
8.25966
8.30808
8.35661
8.40546
8.45501
8.50508
8.55555
8.6055
8.6562
8.70723
8.75898
8.81079
8.86246
8.91429
8.96654
9.01931
9.07238
9.12625
9.1799
9.23422
9.28838
9.343
9.3983
9.45323
9.50861
9.5645
9.62058
9.67727
9.73444
9.79183
9.84988
9.90855
9.96755
10.0264
10.0859
10.1453
10.2056
10.266
10.3265
10.3879
10.449
10.5108
10.5731
10.6355
10.699
10.7627
10.8263
10.8906
10.9556
11.0204
11.0863
11.1524
11.2187
11.2849
11.3518
11.4193
11.487
11.5559
11.6246
11.6935
11.7632
11.8333
11.9038
11.9741
12.0451
12.1159
12.1878
12.2609
12.3337
12.407
12.4809
12.5558
12.6309
12.7066
12.7823
12.8585
12.9351
13.0121
13.0897
13.1679
13.2464
13.3248
13.4039
13.4845
13.5651
13.6464
13.7273
13.8096
13.8924
13.9758
14.0597
14.1436
14.2279
14.3138
14.4
14.4863
14.5742
14.6616
14.7498
14.8383
14.9267
15.0178
15.1081
15.1984
15.2894
15.3812
15.4741
15.5665
15.6601
15.7545
15.8489
15.9448
16.0405
16.1371
16.2351
16.333
16.4308
16.5304
16.6306
16.7316
16.8321
16.9347
17.0368
17.1393
17.2435
17.3484
17.4535
17.5596
17.6669
17.7734
17.881
17.9902
18.1007
18.2101
18.3209
18.4325
18.5447
18.6578
18.7715
18.8856
19.0009
19.1173
19.235
19.353
19.4718
19.59
19.7105
19.8306
19.9525
20.0748
20.1979
20.3213
20.4463
20.5711
20.696
20.8229
20.9515
21.0802
21.2096
21.3393
21.4705
21.6017
21.7344
21.8684
22.003
22.1372
22.2741
22.4123
22.5514
22.69
22.8304
22.9727
23.114
23.2576
23.4018
23.5457
23.6908
23.8378
23.9846
24.1327
24.282
24.4327
24.583
24.7354
24.8892
25.0436
25.1992
25.3549
25.5119
25.6693
25.8292
25.9887
26.1518
26.3149
26.4792
26.6437
26.8106
26.9779
27.1478
27.3181
27.4891
27.6613
27.8346
28.0087
28.1835
28.3606
28.5402
28.7207
28.901
29.0824
29.2644
29.447
29.6311
29.8174
30.0046
30.1921
30.3835
30.5727
30.7645
30.9605
31.1569
31.3562
31.555
31.7549
31.9572
32.1585
32.3627
32.5665
32.773
32.982
33.189
33.3994
33.6143
33.8296
34.0436
34.2599
34.4791
34.7004
34.9216
35.1444
35.3698
35.5954
35.8252
36.0567
36.2876
36.5195
36.7534
36.9925
37.2319
37.4726
37.7159
37.9604
38.2026
38.4517
38.6998
38.9508
39.2008
39.4533
39.7109
39.9677
40.2271
40.4872
40.7498
41.0136
41.2829
41.5552
41.8267
42.1001
42.374
42.6523
42.9325
43.2142
43.4973
43.7818
44.0689
44.3592
44.6514
44.9474
45.2431
45.5414
45.8418
46.1454
46.4496
46.7528
47.06
47.3735
47.6877
48.0067
48.3277
48.6502
48.9739
49.3
49.6284
49.9611
50.2933
50.6307
50.9684
51.3105
51.6556
52.0042
52.3523
52.7017
53.0613
53.4216
53.7852
54.1479
54.5139
54.8858
55.2576
55.6316
56.0083
56.388
56.7727
57.1605
57.5524
57.9454
58.3447
58.7436
59.143
59.5485
59.9571
60.3677
60.7817
61.2002
61.6208
62.0436
62.4685
62.9016
63.3378
63.7704
64.2149
64.6581
65.1077
65.5613
66.015
66.475
66.9355
67.404
67.8751
68.3488
68.8291
69.313
69.7947
70.2851
70.7819
71.2804
71.7816
72.2895
72.7984
73.3119
73.8286
74.3512
74.8815
75.4157
75.9538
76.4988
77.0488
77.5989
78.1557
78.7162
79.2818
79.8504
80.4282
81.0083
81.5965
82.1866
82.7797
83.3809
83.9827
84.5963
85.2108
85.8351
86.465
87.0977
87.7365
88.3799
89.0324
89.6902
90.3517
91.0186
91.6886
92.3682
93.0464
93.7396
94.4412
95.1413
95.8457
96.5622
97.2866
98.0194
98.7583
99.4992
100.248
101.008
101.774
102.549
103.331
104.113
104.909
105.716
106.521
107.339
108.162
108.989
109.833
110.678
111.53
112.392
113.261
114.139
115.03
115.931
116.834
117.744
118.671
119.6
120.537
121.485
122.448
123.416
124.385
125.371
126.372
127.384
128.406
129.434
130.475
131.519
132.581
133.655
134.737
135.825
136.931
138.053
139.178
140.328
141.488
142.644
143.817
144.998
146.195
147.409
148.647
149.884
151.13
152.398
153.68
154.975
156.282
157.596
158.926
160.286
161.659
163.058
164.452
165.86
167.295
168.732
170.192
171.67
173.159
174.68
176.206
177.753
179.337
180.926
182.548
184.169
185.823
187.483
189.16
190.864
192.595
194.35
196.133
197.928
199.726
201.55
203.398
205.281
207.168
209.093
211.043
213.032
215.04
217.045
219.075
221.151
223.249
225.387
227.542
229.735
231.951
234.202
236.485
238.802
241.141
243.516
245.918
248.358
250.81
253.319
255.864
258.429
261.069
263.73
266.414
269.156
271.936
274.741
277.604
280.502
283.434
286.447
289.449
292.528
295.69
298.851
302.079
305.362
308.697
312.097
315.58
319.088
322.677
326.344
330.049
333.828
337.665
341.567
345.522
349.575
353.692
357.888
362.139
366.512
370.949
375.497
380.14
384.867
389.646
394.538
399.495
404.533
409.694
414.967
420.326
425.831
431.504
437.24
443.101
449.035
455.156
461.401
467.78
474.324
481.079
487.941
495.067
502.3
509.703
517.327
525.158
533.228
541.474
549.983
558.795
567.826
577.116
586.619
596.433
606.581
616.972
627.84
639.08
650.677
662.621
675.009
687.805
701.225
715.169
729.603
744.667
760.335
776.733
793.961
811.938
830.781
850.442
871.223
893.273
916.511
941.176
967.41
995.538
1025.87
1058.63
1093.71
1132.07
1174.39
1220.65
1272.53
1331.57
1399.19
1478.61
1574.77
1695.92
1859.33
2105.51
2600.16
