0.00111458
0.002228
0.00334456
0.00447653
0.00560823
0.00674138
0.00787716
0.00901529
0.0101473
0.011287
0.0124149
0.0135501
0.0146873
0.0158268
0.0169741
0.0181152
0.0192808
0.0204226
0.0215771
0.0227425
0.0238969
0.0250518
0.0262203
0.0273843
0.0285396
0.0296932
0.030866
0.0320202
0.0331931
0.0343646
0.0355342
0.036719
0.0379035
0.0390724
0.0402503
0.0414389
0.0426318
0.0438236
0.0450048
0.0461819
0.0473708
0.0485689
0.0497713
0.0509705
0.0521698
0.0533656
0.0545567
0.0557598
0.0569589
0.0581632
0.0593711
0.0605773
0.0617871
0.0630087
0.0642326
0.06546
0.0666685
0.0678868
0.0691164
0.0703475
0.0715741
0.0728058
0.0740248
0.0752579
0.0764947
0.0777378
0.0789752
0.0802085
0.0814554
0.0826989
0.0839384
0.0851889
0.0864376
0.0876844
0.0889347
0.0901888
0.0914369
0.0926866
0.0939506
0.0952119
0.096478
0.0977456
0.0990142
0.100283
0.101566
0.102846
0.104129
0.105416
0.1067
0.107976
0.109261
0.110548
0.111827
0.113124
0.114411
0.115709
0.117014
0.11832
0.119618
0.120927
0.122234
0.123541
0.124843
0.126149
0.127471
0.128794
0.130123
0.131438
0.132759
0.13407
0.1354
0.136721
0.138053
0.139395
0.140735
0.142061
0.143395
0.144747
0.146094
0.147447
0.148789
0.150136
0.151479
0.152833
0.154195
0.155552
0.156923
0.158295
0.159675
0.161049
0.162426
0.163793
0.165184
0.166548
0.16793
0.169303
0.170692
0.172066
0.173451
0.174839
0.176246
0.177648
0.17905
0.180461
0.181859
0.183274
0.184677
0.186088
0.187506
0.18893
0.190343
0.191773
0.193195
0.194617
0.196034
0.197469
0.198905
0.200333
0.201766
0.203208
0.204649
0.206103
0.207553
0.209012
0.210461
0.21192
0.213382
0.21484
0.216298
0.217779
0.219252
0.220728
0.222208
0.223685
0.22516
0.226637
0.228129
0.229625
0.231111
0.232613
0.23411
0.235613
0.237104
0.238617
0.240125
0.241634
0.243156
0.244677
0.246208
0.247747
0.249274
0.250791
0.252313
0.25384
0.255359
0.256901
0.258445
0.25999
0.261529
0.263092
0.26465
0.266211
0.267765
0.269338
0.270908
0.272475
0.274056
0.275635
0.27722
0.278793
0.280378
0.281964
0.283562
0.285159
0.286761
0.288354
0.289952
0.291567
0.293185
0.294809
0.296436
0.298067
0.299688
0.301314
0.302939
0.304587
0.306236
0.307878
0.309522
0.311162
0.312809
0.31446
0.316118
0.317772
0.319436
0.321102
0.322777
0.324452
0.326127
0.327806
0.329478
0.331152
0.332853
0.334564
0.336262
0.337958
0.339656
0.341368
0.343088
0.344801
0.346527
0.348247
0.349992
0.351723
0.353469
0.355198
0.356935
0.358681
0.360436
0.362202
0.36395
0.365707
0.367472
0.369242
0.371015
0.372787
0.374562
0.376354
0.378137
0.379935
0.381727
0.383518
0.38533
0.387134
0.388947
0.390761
0.39258
0.394396
0.396217
0.398057
0.399878
0.401698
0.40353
0.405382
0.407226
0.409083
0.410929
0.41278
0.414641
0.416528
0.418411
0.420286
0.422158
0.42405
0.425951
0.427845
0.429752
0.431668
0.433579
0.435498
0.437428
0.439367
0.441296
0.443242
0.445187
0.447142
0.449103
0.451054
0.453001
0.454985
0.456969
0.458935
0.460903
0.46289
0.464881
0.466887
0.468871
0.470862
0.472876
0.474881
0.476915
0.478947
0.480959
0.483011
0.485049
0.487103
0.489135
0.491199
0.493241
0.495306
0.497379
0.49946
0.501548
0.50363
0.505713
0.507813
0.509904
0.511992
0.514109
0.516218
0.51834
0.52047
0.522594
0.524722
0.52687
0.529033
0.531207
0.533371
0.535539
0.537707
0.539883
0.542061
0.544248
0.546424
0.548625
0.550825
0.553022
0.555241
0.557466
0.559689
0.561923
0.564146
0.566394
0.568652
0.570913
0.573175
0.575454
0.577723
0.579998
0.58227
0.584571
0.586884
0.589181
0.591489
0.593799
0.596107
0.598442
0.600789
0.603131
0.605481
0.607826
0.610203
0.612596
0.614966
0.617351
0.619743
0.62215
0.624551
0.626962
0.62938
0.63181
0.634231
0.636672
0.639127
0.641585
0.644045
0.646531
0.648997
0.651469
0.653956
0.656466
0.658999
0.661514
0.664016
0.666549
0.66909
0.671614
0.674173
0.676752
0.679318
0.681875
0.684485
0.687056
0.689646
0.692251
0.694856
0.697472
0.700088
0.702728
0.705386
0.708029
0.710697
0.713363
0.716046
0.718742
0.721417
0.724132
0.726867
0.729587
0.732351
0.735089
0.737825
0.740606
0.74338
0.746178
0.748975
0.75179
0.754623
0.757456
0.760288
0.76312
0.765955
0.768812
0.771685
0.774544
0.777431
0.780325
0.783247
0.786165
0.789091
0.792046
0.795013
0.797961
0.800946
0.803901
0.806925
0.809913
0.812933
0.815926
0.818964
0.822004
0.825065
0.828106
0.831189
0.834296
0.837385
0.840494
0.843641
0.846778
0.849917
0.853056
0.856236
0.859439
0.862644
0.865856
0.86905
0.8723
0.875556
0.87881
0.882067
0.885346
0.888635
0.891964
0.895277
0.898619
0.901981
0.905339
0.908704
0.91211
0.915532
0.918937
0.922406
0.925852
0.929304
0.932754
0.936215
0.939712
0.943208
0.946732
0.950256
0.95379
0.957367
0.960982
0.964583
0.968223
0.971854
0.975514
0.979192
0.982863
0.986564
0.990328
0.99405
0.997807
1.00155
1.00533
1.00915
1.01297
1.0168
1.02063
1.02447
1.02836
1.03224
1.03611
1.04006
1.04401
1.04797
1.05197
1.056
1.06005
1.06409
1.06819
1.07229
1.07636
1.08046
1.0846
1.08878
1.09298
1.09718
1.1014
1.10565
1.10988
1.11421
1.11855
1.12293
1.12727
1.13169
1.13607
1.14053
1.14504
1.14945
1.15398
1.15847
1.16301
1.16758
1.17216
1.17675
1.18135
1.18603
1.19075
1.19543
1.20016
1.20492
1.2097
1.21451
1.21933
1.2242
1.22906
1.23393
1.23888
1.2439
1.2489
1.25396
1.25902
1.26409
1.26921
1.27438
1.27955
1.2848
1.2901
1.29537
1.30065
1.30598
1.3113
1.31673
1.32217
1.32766
1.33317
1.33874
1.34434
1.34995
1.35559
1.36127
1.36699
1.37276
1.37861
1.38446
1.39035
1.3963
1.4023
1.40827
1.41427
1.42047
1.42655
1.43277
1.43897
1.44528
1.45161
1.45794
1.46425
1.47074
1.4772
1.48376
1.49034
1.49696
1.50363
1.51035
1.51711
1.52397
1.53086
1.53785
1.54483
1.55191
1.55899
1.56605
1.5733
1.58059
1.58786
1.59523
1.60265
1.61016
1.61781
1.62547
1.63319
1.641
1.64883
1.65682
1.66481
1.6729
1.681
1.68913
1.69738
1.70568
1.71405
1.72254
1.73113
1.73981
1.74858
1.75744
1.76634
1.77529
1.78437
1.79351
1.80278
1.81214
1.82159
1.83114
1.84081
1.85061
1.86045
1.87033
1.8803
1.89043
1.90071
1.91108
1.92161
1.93225
1.94305
1.95389
1.96489
1.97601
1.9873
1.99866
2.01027
2.02186
2.03366
2.04565
2.05769
2.0699
2.08226
2.09475
2.1075
2.12045
2.13351
2.14676
2.16014
2.17382
2.1876
2.20171
2.21586
2.23019
2.24475
2.25949
2.27453
2.28977
2.30541
2.32112
2.3371
2.35336
2.36991
2.38662
2.40365
2.42099
2.43877
2.45681
2.47497
2.49371
2.5124
2.5316
2.55118
2.57116
2.59134
2.61193
2.63296
2.65435
2.67633
2.69869
2.72158
2.74495
2.7686
2.79291
2.81757
2.84258
2.86843
2.89472
2.92153
2.94895
2.97729
3.00609
3.03547
3.06534
3.0959
3.12735
3.15951
3.19232
3.22566
3.26003
3.2949
3.33078
3.36792
3.4059
3.44472
3.48452
3.5253
3.56707
3.60979
3.6538
3.69933
3.7455
3.79321
3.84216
3.89192
3.94426
3.99766
4.05247
4.10841
4.16638
4.22597
4.28721
4.35013
4.41475
4.48112
4.5491
4.62031
4.69349
4.76733
4.84464
4.92435
5.0073
5.09207
5.18015
5.27109
5.36421
5.46111
5.56169
5.66549
5.77289
5.88422
5.99913
6.11807
6.24247
6.37027
6.50418
6.64495
6.79021
6.94352
7.10113
7.26653
7.43926
7.61996
7.80847
8.00681
8.2119
8.42751
8.65593
8.89447
9.14571
9.40945
9.68793
9.98318
10.2982
10.6297
10.9781
11.3461
11.7346
12.1501
12.5912
13.0595
13.5589
14.093
14.6579
15.2585
15.9034
16.5903
17.3227
18.1198
18.9555
19.8434
20.8052
21.8246
22.9073
24.0767
25.3195
26.6511
28.0495
29.5433
31.1014
32.761
34.5121
36.3655
38.3136
40.3371
42.4762
44.7094
47.0028
49.3949
51.8917
54.4597
57.1201
59.8444
62.6611
65.5936
68.5939
71.6822
74.8241
78.054
81.3652
84.7274
88.1763
91.6852
95.258
98.9073
102.62
106.423
110.283
114.19
118.183
122.206
126.335
130.496
134.736
139.053
143.407
147.838
152.352
156.919
161.554
166.238
170.972
175.787
180.682
185.613
190.605
195.685
200.823
206.017
211.282
216.61
222.018
227.437
232.948
238.486
244.075
249.696
255.402
261.208
267.027
272.963
278.975
284.976
291.071
297.252
303.497
309.821
316.179
322.63
329.141
335.645
342.283
348.938
355.644
362.417
369.308
376.236
383.258
390.276
397.383
404.521
411.752
419.043
426.383
433.85
441.387
448.946
456.548
464.204
471.887
479.732
487.6
495.495
503.407
511.549
519.682
527.813
536.011
544.327
552.718
561.104
569.565
578.093
586.706
595.41
604.107
612.89
621.734
630.655
639.609
648.666
657.798
667.05
676.357
685.746
695.213
704.778
714.43
724.189
733.921
743.744
753.721
763.81
773.94
784.149
794.559
805.171
815.751
826.529
837.284
848.256
859.308
870.556
881.964
893.564
905.292
917.137
929.275
941.54
954.056
966.86
979.855
993.051
1006.65
1020.38
1034.57
1049.01
1063.96
1079.3
1095.01
1111.12
1127.8
1145.06
1163.01
1181.52
1200.98
1221.08
1242.09
1264.27
1287.75
1312.45
1338.91
1367.23
1397.99
1431.52
1467.9
1508.36
1554.14
1606.7
1669.08
1745.05
1845.02
1990.95
2276.5
