1.23461
1.52461
1.71441
1.86199
1.98585
2.09439
2.19126
2.2793
2.36117
2.4376
2.50901
2.57619
2.64062
2.70193
2.76052
2.81641
2.87032
2.92256
2.97322
3.02237
3.07027
3.11676
3.1622
3.20652
3.24999
3.2928
3.33436
3.37511
3.4151
3.4545
3.49313
3.53085
3.56824
3.60474
3.64134
3.677
3.71234
3.74702
3.78122
3.81486
3.84822
3.88135
3.91399
3.94634
3.97817
4.01004
4.04136
4.07248
4.10307
4.13349
4.16341
4.19325
4.22273
4.25212
4.28119
4.30994
4.33816
4.36662
4.39476
4.42257
4.4502
4.47785
4.50508
4.5322
4.55926
4.58611
4.61281
4.63908
4.66544
4.69146
4.71741
4.74318
4.76859
4.79409
4.81939
4.84471
4.86969
4.89469
4.91945
4.94424
4.96897
4.99343
5.01762
5.04202
5.06606
5.09011
5.11401
5.1378
5.16148
5.18494
5.20856
5.23211
5.25565
5.27886
5.30202
5.32502
5.34798
5.37094
5.39373
5.41651
5.43932
5.46181
5.4847
5.5074
5.5298
5.55216
5.57447
5.59645
5.61863
5.64063
5.66258
5.68459
5.7065
5.72811
5.74967
5.77143
5.79325
5.81475
5.83644
5.85792
5.87922
5.90059
5.92192
5.94308
5.96436
5.98542
6.00654
6.02756
6.04847
6.06947
6.09045
6.11133
6.13204
6.15271
6.1735
6.19421
6.21498
6.23549
6.25606
6.27656
6.29701
6.31739
6.33784
6.35828
6.3786
6.39888
6.41918
6.43946
6.45968
6.47999
6.5002
6.5204
6.54055
6.56068
6.58071
6.60077
6.62086
6.64095
6.66092
6.68108
6.70096
6.72082
6.74077
6.76073
6.78049
6.80021
6.82008
6.8399
6.85951
6.87923
6.8988
6.91835
6.93784
6.95742
6.97703
6.99663
7.01628
7.03599
7.05553
7.07506
7.09466
7.11424
7.13377
7.15322
7.17264
7.1921
7.2115
7.23078
7.25019
7.26943
7.28896
7.30823
7.32744
7.34669
7.36599
7.38536
7.4045
7.42379
7.44316
7.4624
7.48166
7.50079
7.51989
7.53902
7.55828
7.57744
7.59654
7.61558
7.63457
7.65358
7.67262
7.69179
7.71096
7.7301
7.74933
7.76844
7.78768
7.80684
7.82594
7.84494
7.86418
7.88332
7.90273
7.92188
7.94105
7.95985
7.97894
7.99799
8.0171
8.03614
8.05531
8.07432
8.09337
8.11265
8.13174
8.15078
8.16971
8.18892
8.20784
8.22685
8.24582
8.26479
8.28389
8.30301
8.32194
8.34122
8.3603
8.37935
8.39859
8.41765
8.43666
8.45574
8.47487
8.49389
8.51292
8.53197
8.55094
8.57007
8.58905
8.60823
8.62727
8.64634
8.66531
8.6843
8.70335
8.72225
8.74131
8.76046
8.77957
8.7987
8.81796
8.83709
8.85632
8.87571
8.89484
8.91405
8.93319
8.95246
8.97151
8.99075
9.00994
9.02932
9.04859
9.06788
9.08726
9.10659
9.12591
9.14534
9.16459
9.18399
9.20327
9.2225
9.24185
9.26121
9.28073
9.30005
9.31964
9.33907
9.35854
9.3779
9.3973
9.41668
9.43603
9.45551
9.47486
9.49453
9.51396
9.53345
9.55296
9.57261
9.59225
9.61163
9.63131
9.65093
9.67057
9.69028
9.70999
9.72954
9.74927
9.76903
9.7889
9.80845
9.82828
9.84803
9.86792
9.88776
9.90748
9.92718
9.94694
9.96688
9.98661
10.0066
10.0264
10.0465
10.0663
10.0863
10.1061
10.126
10.1461
10.166
10.1861
10.2062
10.2264
10.2465
10.2667
10.2868
10.3071
10.3274
10.3479
10.3681
10.3884
10.4087
10.4291
10.4496
10.4699
10.4904
10.5108
10.5312
10.5516
10.572
10.5924
10.6128
10.6332
10.654
10.6746
10.695
10.7157
10.7364
10.7572
10.7779
10.7986
10.8193
10.8401
10.8608
10.8819
10.9025
10.9234
10.9444
10.9653
10.9865
11.0077
11.0289
11.0499
11.0709
11.092
11.1132
11.1347
11.1561
11.1773
11.1986
11.2198
11.241
11.2626
11.284
11.3055
11.327
11.3485
11.3701
11.3918
11.4132
11.4349
11.4567
11.4784
11.5005
11.5222
11.5439
11.5657
11.5875
11.6096
11.6315
11.6534
11.6753
11.6973
11.7193
11.7413
11.7634
11.7856
11.808
11.8303
11.8527
11.875
11.8975
11.92
11.9425
11.9651
11.9877
12.0103
12.0329
12.0557
12.0784
12.1012
12.1241
12.147
12.1699
12.1929
12.2158
12.2389
12.2619
12.285
12.3082
12.3314
12.3546
12.3777
12.4011
12.4245
12.4479
12.4712
12.4948
12.5185
12.5422
12.5659
12.5898
12.6136
12.6376
12.6615
12.6855
12.7094
12.7334
12.7576
12.7817
12.8059
12.8303
12.8545
12.8788
12.9034
12.9278
12.9523
12.9766
13.0011
13.0257
13.0506
13.0754
13.1001
13.125
13.15
13.1752
13.2003
13.2254
13.2505
13.2759
13.3013
13.3267
13.3521
13.3776
13.403
13.4284
13.4541
13.4799
13.5056
13.5312
13.557
13.5831
13.609
13.6351
13.6614
13.6875
13.714
13.7405
13.767
13.7935
13.8199
13.8465
13.873
13.8998
13.9267
13.9535
13.9805
14.0074
14.0344
14.0614
14.0885
14.1159
14.1435
14.1713
14.199
14.2269
14.2548
14.2826
14.3105
14.3385
14.3665
14.3948
14.423
14.4513
14.4796
14.5082
14.5369
14.5656
14.5943
14.6232
14.6523
14.6813
14.7104
14.7397
14.7692
14.7982
14.8278
14.8574
14.8875
14.9173
14.9469
14.9769
15.0071
15.0375
15.0679
15.0982
15.1288
15.1595
15.1905
15.2212
15.2521
15.2833
15.3144
15.3456
15.3771
15.4089
15.4406
15.4725
15.5043
15.5363
15.5685
15.6007
15.6331
15.6656
15.6979
15.7308
15.7635
15.7964
15.8292
15.8621
15.8953
15.9288
15.9623
15.9961
16.0297
16.064
16.098
16.1319
16.1663
16.2009
16.2353
16.2699
16.3046
16.3395
16.3746
16.4099
16.4455
16.4812
16.5172
16.5531
16.5893
16.6254
16.6619
16.6986
16.7355
16.7722
16.8093
16.8466
16.8842
16.9219
16.9598
16.998
17.0362
17.0745
17.1128
17.1516
17.1906
17.2295
17.269
17.3085
17.3482
17.3879
17.4282
17.4687
17.5091
17.55
17.5906
17.6318
17.6731
17.715
17.757
17.7989
17.8413
17.8833
17.9262
17.9694
18.0125
18.0563
18.1002
18.1442
18.1883
18.2328
18.2775
18.322
18.3672
18.4126
18.4581
18.5043
18.5504
18.5971
18.6436
18.6906
18.738
18.7858
18.8336
18.8817
18.9303
18.9794
19.029
19.0787
19.1288
19.179
19.2298
19.2811
19.3326
19.3838
19.4359
19.4887
19.5415
19.5944
19.6482
19.7017
19.756
19.8108
19.8659
19.9219
19.9781
20.0347
20.0918
20.1488
20.2061
20.2645
20.3235
20.3829
20.4421
20.5029
20.5636
20.6252
20.6869
20.7491
20.8117
20.8755
20.9392
21.0041
21.0693
21.1349
21.2009
21.2678
21.3359
21.4034
21.4723
21.5431
21.6139
21.685
21.7572
21.8294
21.903
21.9769
22.0519
22.1278
22.2049
22.2816
22.36
22.4392
22.519
22.5994
22.6813
22.765
22.8494
22.9344
23.0205
23.108
23.1962
23.2856
23.3757
23.4681
23.5613
23.6553
23.7509
23.848
23.9463
24.0465
24.1477
24.2506
24.3555
24.4612
24.5679
24.6775
24.7893
24.9029
25.0182
25.1354
25.2544
25.3757
25.4985
25.6235
25.7518
25.882
26.0156
26.1518
26.2901
26.433
26.5796
26.7283
26.8785
27.0323
27.1909
27.3529
27.5168
27.6873
27.8604
28.0386
28.2229
28.4111
28.6043
28.8014
29.0049
29.2155
29.4308
29.6541
29.886
30.1268
30.3738
30.6305
30.8994
31.176
31.465
31.766
32.0735
32.3985
32.7355
33.0875
33.4537
33.8416
34.2484
34.6718
35.1191
35.5882
36.0847
36.6086
37.1547
37.7332
38.3431
38.9881
39.6749
40.3952
41.1615
41.9716
42.8231
43.7239
44.671
45.6688
46.7197
47.8066
48.9485
50.1439
51.3857
52.6864
54.027
55.4249
56.8592
58.3575
59.9026
61.4849
63.1264
64.7969
66.5045
68.2604
70.0427
71.8534
73.7087
75.5958
77.5264
79.4875
81.4668
83.4796
85.532
87.6158
89.7108
91.8523
94.0281
96.2242
98.4723
100.739
103.022
105.332
107.663
110.02
112.427
114.853
117.308
119.774
122.29
124.8
127.347
129.934
132.537
135.162
137.828
140.525
143.236
145.972
148.746
151.562
154.39
157.246
160.127
163.029
165.955
168.929
171.905
174.937
177.97
181.052
184.156
187.28
190.467
193.702
196.925
200.174
203.453
206.785
210.087
213.463
216.866
220.323
223.809
227.283
230.818
234.368
237.95
241.566
245.24
248.914
252.606
256.359
260.142
263.973
267.833
271.717
275.627
279.601
283.621
287.662
291.728
295.837
299.972
304.141
308.376
312.634
316.913
321.239
325.613
330.046
334.469
338.94
343.454
348.023
352.627
357.291
361.953
366.651
371.426
376.193
381.019
385.935
390.916
395.924
400.97
406.059
411.183
416.364
421.586
426.843
432.196
437.547
442.996
448.456
453.948
459.492
465.098
470.795
476.544
482.353
488.189
494.071
500.016
506.034
512.116
518.296
524.48
530.745
537.093
543.447
549.909
556.338
562.915
569.547
576.225
582.994
589.81
596.77
603.773
610.84
618.003
625.219
632.554
639.992
647.456
655.036
662.707
670.392
678.183
686.044
693.989
702.049
710.24
718.572
726.959
735.434
744.008
752.668
761.532
770.378
779.407
788.581
797.922
807.383
816.96
826.707
836.569
846.642
856.902
867.373
877.957
888.749
899.85
911.154
922.729
934.633
946.822
959.413
972.413
985.795
999.586
1014.09
1029.18
1044.92
1061.63
1079.4
1098.34
1118.76
1141.16
1165.79
1193.57
1225.72
1264.24
1313.24
1382.77
1509.86
