1.80229
2.22642
2.50328
2.71696
2.89748
3.05305
3.19348
3.32088
3.43756
3.54648
3.64873
3.74475
3.83674
3.92448
4.00812
4.08866
4.16675
4.24231
4.31515
4.38501
4.45398
4.5206
4.58496
4.64818
4.71059
4.77072
4.8299
4.88776
4.94497
5.00084
5.05609
5.10985
5.16293
5.21521
5.26671
5.31792
5.36781
5.41687
5.46567
5.51312
5.56064
5.60729
5.65321
5.69896
5.7438
5.78828
5.83239
5.87653
5.91974
5.96237
6.00513
6.04745
6.08883
6.13034
6.1713
6.21229
6.2528
6.29281
6.33251
6.37196
6.41097
6.44986
6.48832
6.52632
6.56448
6.60209
6.63956
6.67694
6.71403
6.75092
6.78767
6.82416
6.86012
6.89604
6.93227
6.96791
7.003
7.03826
7.0729
7.10753
7.14223
7.17657
7.21111
7.24509
7.27904
7.31257
7.34609
7.37937
7.41232
7.44552
7.47861
7.5115
7.5444
7.57711
7.6099
7.64216
7.6746
7.70715
7.73913
7.77137
7.8029
7.83448
7.86611
7.89757
7.92873
7.96007
7.99145
8.02251
8.05346
8.08443
8.11544
8.14598
8.17653
8.20684
8.23686
8.26711
8.29718
8.32732
8.35741
8.38736
8.41739
8.44696
8.47645
8.5062
8.53568
8.56541
8.59476
8.62431
8.65342
8.68252
8.71144
8.74072
8.76973
8.79863
8.82777
8.85671
8.88534
8.91401
8.94259
8.97118
8.99988
9.02847
9.05706
9.08564
9.11402
9.14253
9.17097
9.1994
9.2276
9.25551
9.28369
9.31177
9.33964
9.36768
9.39563
9.4237
9.45147
9.47933
9.50719
9.53466
9.56222
9.58987
9.61751
9.64497
9.67246
9.69993
9.72745
9.75479
9.7821
9.80947
9.83667
9.86405
9.8914
9.91859
9.94584
9.97311
10
10.0271
10.0541
10.0813
10.1084
10.1354
10.1625
10.1893
10.2161
10.243
10.2701
10.2966
10.3233
10.3498
10.3767
10.4036
10.4304
10.457
10.4837
10.5103
10.5367
10.5633
10.5901
10.6169
10.6435
10.6702
10.6967
10.7229
10.7493
10.7759
10.8023
10.8286
10.8549
10.881
10.9073
10.9337
10.9603
10.9865
11.013
11.0394
11.0655
11.0918
11.1183
11.1445
11.1706
11.1969
11.223
11.2492
11.2753
11.3015
11.3277
11.3538
11.3802
11.4063
11.4323
11.4584
11.4847
11.5109
11.5372
11.5633
11.5891
11.6153
11.6415
11.6676
11.6935
11.7195
11.7456
11.7715
11.7977
11.8236
11.8498
11.8759
11.9019
11.9281
11.9542
11.9803
12.0064
12.0324
12.0585
12.0844
12.1106
12.1365
12.1627
12.1887
12.2147
12.2406
12.2667
12.2928
12.3187
12.3447
12.3708
12.3968
12.423
12.4492
12.4752
12.501
12.5273
12.5535
12.5798
12.6059
12.6318
12.6582
12.6844
12.7105
12.7367
12.763
12.7894
12.8155
12.8418
12.868
12.8942
12.9203
12.9467
12.973
12.999
13.0255
13.0519
13.0782
13.1042
13.1305
13.1565
13.1828
13.2092
13.2356
13.262
13.2883
13.3148
13.3409
13.3671
13.3935
13.4197
13.4459
13.4724
13.4988
13.5253
13.552
13.5785
13.605
13.6316
13.658
13.6844
13.7109
13.7376
13.7639
13.7905
13.8171
13.844
13.8709
13.8976
13.9243
13.9512
13.9779
14.0046
14.0312
14.0578
14.0846
14.1116
14.1382
14.1651
14.1919
14.2189
14.2457
14.2727
14.2995
14.3263
14.3534
14.3803
14.4076
14.4343
14.4613
14.4884
14.5157
14.5427
14.5698
14.5971
14.6242
14.6516
14.6787
14.706
14.7331
14.7602
14.7876
14.8148
14.842
14.8691
14.8964
14.924
14.9516
14.9793
15.0069
15.0346
15.0623
15.0898
15.1175
15.1453
15.1731
15.2008
15.2286
15.2565
15.284
15.3116
15.3395
15.3673
15.3952
15.4232
15.4513
15.4793
15.5077
15.5355
15.5637
15.5922
15.6204
15.6485
15.6766
15.7049
15.7332
15.7617
15.7903
15.8188
15.8471
15.8755
15.9037
15.9322
15.9611
15.9898
16.0185
16.0474
16.0761
16.1049
16.1337
16.1627
16.1916
16.2205
16.2494
16.2783
16.3074
16.3369
16.366
16.395
16.4244
16.4537
16.483
16.5126
16.5419
16.5713
16.6008
16.6301
16.6595
16.6892
16.719
16.7483
16.778
16.8077
16.8375
16.8674
16.8973
16.9275
16.9575
16.9876
17.0179
17.0482
17.0785
17.1091
17.1395
17.1698
17.2002
17.2308
17.2616
17.2923
17.3228
17.3532
17.3839
17.4143
17.445
17.4756
17.5064
17.5372
17.5682
17.5993
17.6302
17.6616
17.6927
17.7236
17.755
17.786
17.8174
17.8487
17.88
17.9116
17.9434
17.975
18.0066
18.0381
18.0702
18.1026
18.1346
18.1667
18.1986
18.2309
18.2633
18.2956
18.3281
18.3604
18.3929
18.4253
18.458
18.4908
18.5235
18.5563
18.589
18.6218
18.6548
18.6877
18.721
18.7544
18.7878
18.8212
18.8547
18.8881
18.9218
18.9552
18.9892
19.023
19.0566
19.0903
19.1243
19.1582
19.1925
19.2267
19.2608
19.2951
19.3296
19.3642
19.399
19.4337
19.4684
19.5031
19.5378
19.5724
19.6077
19.6429
19.6784
19.7138
19.7495
19.7851
19.8208
19.8563
19.8917
19.9277
19.9641
20.0002
20.037
20.0733
20.1094
20.1455
20.1821
20.2191
20.2555
20.292
20.3293
20.3665
20.4034
20.4404
20.4775
20.515
20.5527
20.5898
20.6274
20.6653
20.7037
20.7419
20.7801
20.8181
20.8565
20.8948
20.9336
20.9722
21.0109
21.0496
21.0886
21.1274
21.1667
21.2059
21.2453
21.285
21.3246
21.3644
21.4041
21.4439
21.4843
21.5243
21.565
21.6057
21.6468
21.688
21.729
21.7703
21.8115
21.853
21.8945
21.9356
21.9776
22.0195
22.0619
22.1042
22.1463
22.189
22.2319
22.2746
22.3175
22.3607
22.404
22.4473
22.4908
22.5348
22.5786
22.6229
22.6672
22.7115
22.7559
22.8005
22.8451
22.8899
22.9353
22.9805
23.0259
23.0715
23.1174
23.1635
23.2094
23.2556
23.3022
23.3485
23.3957
23.4428
23.4899
23.5371
23.5848
23.6326
23.6805
23.7287
23.7771
23.8256
23.8749
23.9245
23.9736
24.0226
24.0722
24.122
24.172
24.2227
24.2736
24.3246
24.3754
24.4264
24.478
24.5298
24.5815
24.6333
24.6854
24.7381
24.7909
24.8441
24.8975
24.9509
25.0046
25.0588
25.1131
25.1677
25.2224
25.2779
25.3336
25.3893
25.445
25.5012
25.5575
25.6146
25.6716
25.729
25.787
25.8457
25.9041
25.9627
26.0219
26.0808
26.1404
26.2002
26.2603
26.3206
26.3818
26.4433
26.5047
26.5675
26.6299
26.6931
26.7565
26.82
26.8833
26.9476
27.0122
27.0776
27.1433
27.2095
27.2755
27.3423
27.4098
27.4781
27.5461
27.6151
27.6838
27.7527
27.8222
27.893
27.9639
28.0355
28.1073
28.1805
28.2536
28.3271
28.4013
28.4761
28.551
28.6268
28.703
28.7789
28.8564
28.9343
29.0136
29.0929
29.1731
29.2537
29.335
29.417
29.4996
29.5827
29.6663
29.7511
29.836
29.9223
30.0097
30.0974
30.1865
30.2757
30.3654
30.4564
30.5486
30.6419
30.7361
30.83
30.9255
31.0219
31.1203
31.2197
31.3191
31.42
31.521
31.6237
31.7277
31.8326
31.9383
32.0452
32.1548
32.2649
32.3757
32.488
32.6018
32.7173
32.8343
32.9529
33.0722
33.1924
33.3158
33.4411
33.5683
33.6956
33.8255
33.9575
34.0913
34.2256
34.3645
34.5053
34.6469
34.7905
34.9375
35.0877
35.2403
35.3947
35.5515
35.7119
35.8743
36.04
36.2079
36.3825
36.5586
36.7361
36.9178
37.1045
37.2938
37.487
37.6852
37.8896
38.0984
38.3115
38.53
38.7546
38.985
39.2221
39.4653
39.7157
39.97
40.234
40.5078
40.7884
41.0804
41.3797
41.6881
42.0073
42.3374
42.6816
43.039
43.4146
43.8071
44.217
44.6387
45.0816
45.5505
46.043
46.5609
47.108
47.6962
48.3175
48.9728
49.6705
50.4141
51.2039
52.0484
52.9568
53.9292
54.9799
56.1023
57.31
58.588
59.9617
61.42
62.9658
64.6202
66.3627
68.1983
70.1301
72.135
74.2216
76.3808
78.6397
80.9797
83.3482
85.7872
88.2861
90.8648
93.4948
96.1758
98.8672
101.613
104.391
107.219
110.079
112.986
115.915
118.886
121.889
124.895
127.964
131.056
134.176
137.331
140.523
143.737
146.988
150.274
153.571
156.904
160.277
163.703
167.125
170.599
174.115
177.655
181.249
184.862
188.497
192.155
195.848
199.542
203.298
207.095
210.917
214.766
218.632
222.54
226.495
230.459
234.484
238.499
242.552
246.674
250.814
255.004
259.225
263.499
267.798
272.127
276.498
280.882
285.335
289.826
294.379
298.94
303.53
308.14
312.825
317.573
322.345
327.17
332.012
336.895
341.824
346.78
351.785
356.833
361.978
367.126
372.302
377.549
382.826
388.163
393.527
398.991
404.492
409.988
415.561
421.192
426.859
432.632
438.432
444.274
450.148
456.041
462.065
468.088
474.221
480.4
486.678
492.916
499.239
505.639
512.109
518.649
525.285
531.9
538.618
545.414
552.309
559.266
566.278
573.347
580.417
587.616
594.866
602.208
609.683
617.197
624.831
632.492
640.258
648.085
656.058
664.067
672.195
680.37
688.654
697.04
705.499
714.113
722.795
731.63
740.564
749.58
758.688
767.897
777.367
786.86
796.516
806.268
816.135
826.239
836.511
846.892
857.464
868.296
879.251
890.463
901.858
913.5
925.39
937.706
950.256
963.15
976.517
990.332
1004.65
1019.62
1035.14
1051.45
1068.74
1086.99
1106.57
1127.55
1150.59
1175.78
1204.46
1237.39
1276.8
1326.59
1397.3
1526.62
